[60226280866831719371696548325437816794527209676397050382298973065031948817243, 28956265385273875839125925146519108730940119421126454724430334479238662651043]
[15243042722136191119879831088425328527663615202731511424653945546519487681404, 54642352157938800339595609505506041405126228842948715663442744794112047226621]
[22355521913348143746245476209474927621468139651415636784730584951628574816841, 29421567513412380050593873894635215886239677865077966946679841021135830496451]
[40088013619030058591054735465819338527662662243919189729713927434586849385326, 73348125127440124662273637182431231040587241038844762792242279705829557253340]
[21866521613451960950662253463497135595303495748483269099596616872096411780752, 51220881089562756938834777422603058777085955464859361794084683457280829166564]
[9739792464345251730176499467162007143188116428357469802077012551649479694561, 48094567415959811611218769020887918784609705805257798677904190579155664057385]
[63449921139144518506617453596956884477708807614316881849350158057697526646156, 39419009106433767753051733280993249850548677291482962229295561421928450747251]
[6901070384018127263234063644615027413379035581132301678112907387121416442744, 29919261134433319442913786656561257032675373655174099560185504672178129152590]
[72317355171152281685514431389236661864632789689704974511332520807306583533383, 39913619423250716953002885324868698616839777524184992576018569623332317140911]
[41345645436796811980865431936019666921710271022976324151522782208321969366409, 26541491027871186618791300886427048815277173261462672287033514433307041948656]
[17230299408212802798086124634898645916783396691232326178436632589446156029324, 15282112855040308857769601659829847520926491249233342324824765325258049476009]
[9134690560036718647802624117196153879783442717061810051794395916322720101505, 43490633158583911517630652790957728185757334690543285407507804312724811410681]
[66798293144333715041788708924040156669065995137610394209671899800336171624418, 40282473567428762905395610583902854545534674303487431100938207381898567992123]
[72786038952371355230575552419830798727789436175578752216255059884884626928926, 58555770273216501220558803936366357952563802342346044977633995567377912921072]
[32600776378758111034857603872593715052586118084792266098720789357041621615265, 70515313540517035932265613787289240832385248296545653316010456704676390068753]
[55935386259904027513685208405433652399491404241079263984803793700148568180947, 63994455704073359168015048726638031211288660398912002099104094909471109418028]
[21955123759118644457310793646753955094551356471960433502744362884770971650462, 69433360403690588558892465261438378572733980186115067616149037517169800618286]
[1109263118752790171484628835015972178556237907280084534895604187148743710282, 70344855822268663264364677554192113759254438779285280231154946159306818205737]
[73414934836072281099379143251800956978190958992241750650735921542883251015283, 45565776598126250411052665176362226009919642868796604132600640200968588101567]
[32167119637702465776602490382072719225371808134895064016134792383489967953688, 38808632671300776353830434368849893073672525411887198213535459651323389399502]
[20978728856013474203888544342163736597058393467221278571849303606553665452141, 31509053092359585548107857951455171878796201362507486789499861735754452054807]
[76717315069017308025490809795156568507053357141823693872987577239231553876449, 1337255258817232929536829002092324781784622432650367928916079679016033649402]
[61640470117744373042598423061304930522639591672539679403508531228144416689035, 29682554089498525238819372827104001818186478338000662688987485364230273646115]
[56723566705628388970177280561298587434445081068389794269666564176984075510694, 18364023023840726064602256973091668512440691638627008184191031049062701057406]
[53541645810682507869218639350112280061010091272006366455339458026199946579448, 60453816846505474324485127673955077161094909423371040282292175565465751639564]
[15619494112377591357079592212074620336476169323418256655647778649625476180775, 52276316713871158622273869961963242660339402897180907547424237955284553076833]
[33577801717812401071985840089561752741053135254622464817370806842843715985776, 17085766462471379267723879678805600177563730766073143149572213053996739825907]
[47986743019531355768468497214969425583817511395746673208818308709025518831672, 36676613806346326069754656479406059587237533999899348770418169108694528892284]
[70283909708063211601668218736029293187035041586562480394739405636311367102577, 43681131918837444894417084402897152676938000935949349367940365961224484569365]
[57285498569965221554195165207672714355236758969067732575320264659102334924045, 10018180522105493254239439743218588507533114553479905057349532992885298735948]
[53998316878918917225165809958320763321491052853157320843399806236710709654343, 2843921683142993383278278911052848075890495400151592361725564848433556342352]
[80612483193087133982310727236123706181065439897104028035634656136083020928623, 41403337766485922189858569896560088428937584628789816524720066458164504832362]
[71764227339694855094442822253515287980986610900791824881611968532170402812594, 68768932052024611310575433602030794074402803178669617014111961456274236359801]
[5508024069728621955993958788262437477994738704824890769998789202713308468778, 29135811952328410413674865235155419642114677902636615401251050348010142514188]
[44953274238816442806942911692166646475463817192682176940917520989089917420886, 43746180277289561273132597420012706846810962925852259921158953023997682684247]
[44570688614306038843110245673749126911076475021281629151325525449570709218438, 41280358656914189834681767702382799783846754682318742463889122835608208500678]
[25031510502156382668645063432142657813087259694128804172312457994955973620716, 49791047292070597777511918337211002762522841754372804994267734099204568800931]
[81880000065287677552536017953862162947086258803335946650627362850308141927805, 67454753455652354434737984952023675635283782003230258760547765921063215595557]
[19640031393885974565075411411750970134240982036758981396614816994647014707612, 78588996852414273792356529920285038521380027588865062141938651682015414671912]
[1066806731748347261373647089465646821770663120194616981662168094461577957265, 25879012256235540973699903646891094572999896571190661530028218580353240479486]
[10165064779089211296088027370134067432200914201328758954215857311919322192402, 45718686008448765282998934811580826288076897609832657008869387636221357694167]
[15873642395366774901077996315472270111883869765402152576160796971990311577718, 39919272553240319991101187325831289391237601792007829259131090040556604817741]
[53552691328819259591890311228961521666925261036641676969701297734425889787622, 75323554694468247888196800312072755297176515226699401761134641777777762019225]
[32330555285679461671728957627756519780616080404900388090014649373003664130571, 20591749122871394232015685632116249452037411300247100419109975876669172677904]
[58243653196702760176420583541441116997606313797064068366824741163044471647384, 63616386427839882646447169925479592943535093350388986984379532641493262674097]
[58461406138895567567561531986272833416351598927896016614049297440287846101168, 72338543799582391535469758837884958432034360430190957258218361163319524829103]
[78854486946808613837140603976757818000742108554855435189283254449402412465023, 19796203232491784304460139855404806279108525511804258751798003678783312705339]
[68696930421416128440511093953210967099851064494594117869970261365453779777413, 37416111746220045932126924338550622278088424289293014252706694287026770934961]
[2415234595021012398704878591474537145994951119117555639085558278498725207944, 81332465988795097552165465143037208886538191759439017550628093530852993895102]
[53732932410189764109784958865354323440680178607724526133316138631134604070239, 43481116356694149458084140891558287202090112286976606300018442977047823265478]
[77127663769531203410777737653103378627715973784011011948365259233299786105132, 14902335238117574142370472203506704513470592825442665022912614324847782954479]
[36610009579960629097965575157029668351383820805679457505313295676087740080776, 72061940572932287041410239131515962441111640734484557108089857581307506271149]
[55130023832103377135163830284911384479631462593367356372527122134930180834053, 66594062966051935830912990222860535455374010462878297671730142731943675017591]
[55102538140324307668709100016576641118851443581911711869443267548194708994928, 6422362163752090032532148346752728338145924024218510026328855723094449078651]
[70370518555168872735337038434767921883064734346771280717730919442727045199032, 71407161606872696067384694925308001294238999314230020161153555993926587338720]
[72683495425646318043352219971516065991456582905870807274811383745392737828891, 15219316557092664412640202598574106201103140087299527956036203730429621705558]
[34429011302256543840881440923932449055775892108057095756549026888155949288212, 81691325633714581543523084332290888813846055652664842285752443848762083224902]
[22515788471934237782029933290524217309379660080609888880689210140165556417587, 75592610764260301570352841397962406130575655972465130322714506343209811997770]
[24682749691549693379254676256030813072212943195029851159167976133568665958962, 45424951814793300059487090094532348994888013579674894556301612304321529109898]
[21632651772707501039774005116304713407211667753309064572998889328466258789157, 21447033767818823512066413537923299716765346819861182932392686849980090936748]
[76285450027433461177379560061516754771749931858450491070955154906443746867121, 6802277911321787243612269647921555129106094987866177197744519558722920378241]
[73866471953226503503534000264058648710566550166013452702111540928261299734935, 8004904323051785639897761940646213662721384348704470139469368903521862239197]
[52004339722926822791381005023801037209224300063519607521619600007704350050052, 62333090312152245773564514782381314294278182127910685906478571822605814839414]
[47608644254596876392491462685638433103573395350945053780836796895693036158982, 65354636578218663456589436379378313600059944555511806719066852119425940888634]
[39305730551551579109629149193578298646950090077746046508283661223690396960347, 63756637910715508268075338816881290399406629462748883814270943995680861669014]
[1704208400552900710629925402642624056489934551191551324706833309827724243559, 42592781739389837178230295984900062785709113872454529805333175331426716199950]
[68436405094749511181511296343034843180954560593495428842711529247629811754626, 32335860407012050895830755880756703474505125181075599007698140868114157223837]
[78009778443457828760492551087588668860513335142086015610691008407816583350021, 44068748803748098116453169346596421604729355020473093383013044015585214999034]
[65156954247325641210423866970056671530422490541086567962093002228688631807973, 12887867049018780059307522305205849041212904002777440931633471456608023427218]
[53866634896060106496288214013541223646924092953118071024468103302509298797751, 24590438098435818906205491476622389605784709689825171080908305008094790281666]
[52735744567327317979438912096524346448516882825556074664869998489544173524767, 75520381541335297086045119988185684935366220541972728999785757481707480544125]
[26154661960229114488149285114968640703843307867911300928504228083240255022910, 26823732192632778985566030265162974651189450283392460450677060116767577599097]
[64744831870605629857209134323616096162418541168801254707180763730215061217577, 9986349976976038170509349902506677663721974334346154591460796957570150762180]
[43346899853980452585111946596981142390405725158916006470874039337529406933263, 34160550223173724852271874113647896754234661487166678146843412674667079971709]
[47094596505781740179192839935624623187280558487954536187080996606953627620839, 16998429442241927962055768801107584056383424819206157083320947694112193466084]
[4650521524897859078801230503021203473853548984971984265712626452020738132388, 47642490855996372159764330604707844858048327915765327321599750757817668161118]
[54172889328233898487258109871168656245138957350254260326221370567577103227213, 78139655198157449767170319744520150024076917243005870152970821592617110235054]
[10505608014756720756196302185308290591583701103656282254124140867563582130758, 65904207088799216869867213118682500008516339214222200642942623457312431006274]
[81683552800467806730578043263831135833107556987402418751883308938801222613770, 70860728907546217723221052209107374239479873072934532068550708829875142748853]
[25182007961864773136845059402293597654556566393369168991208791583623651046334, 64571785546225979616321450970632366542216628344032607214420589683511003757823]
[5430667072117305122351708854874109776231765891488364046315069041107297192030, 453280493160782238518391101698817157266554334133248841624860404463041954428]
[48693577964249627311712847654040238684549154502577848286979425906623612574367, 4096669076448842289817985906905744228041412235486095529062803819960245723909]
[17283800238617139536519380414042433029948539878146777273520704562548198002914, 5118962616375202288961127622886678947358682014167620136368544875362325752679]
[64618562167292940751139763103585195399977150578329530685905374576474806230456, 16088945334705952284112912194438092432047108341699355096585727724670998745118]
[1750584329572430580866489300467751220099614431140169004818746247587966135702, 80925757995157816664080299825943878533374185210728431974291652228515420814781]
[53762452169180329311859567574777489486183851837294963757296863526602377548805, 82299519215340548918547527617178788514403915824521697317354413445866649586379]
[55108637400214348824676975260255056686854483057700621563833244772992361086898, 81788650022563736159732693033663534121257092601156617139559146331809376355683]
[64547053154418676979376595178524970567056784096549541913455953358423717177117, 55031593732112980175490856832226509350825314625908082989430959626893114973872]
[19297426281232655094044569188542845096714387850902586923150453414038005717081, 71149777190170347076981394250401864603994624492739876762847639191394968746933]
[26094087973543437666144586190180663058095764838140328477776003079106025948724, 8658731763298237286434913434974232247808437138216457292786393349814347077221]
[23404775954220053191498278457790507612524799401103650341034517466427047385182, 33146213949337803893573739894028051453964535848076061911853772520016713619039]
[35227157381868015070510985505690511035603190301719800505830285623328043550920, 66817522449625668615995455530152218089852795669711095704212599318565566989515]
[13558059500405255911806929607843647073216164487457862038942398110129300656055, 2012323457410116292770797349165882194890568992935194982716036487200287508076]
[14846157775046274342795290148221992083790878218857206704873267083155113520067, 78410517455238192922149141291828093315162927358307374666073779436731043524709]
[80747580412597723345684723884232830159480013073083163567919461456883908358112, 62286322103168943969316674353489215830492284375287101466715064862852350983412]
[[56724291721902619296400086028962031107561859398485120103774293084387676989789, 43685464913380507331063238284286008584142709698594816816245772684495796515739], [63622383078141092267114033944055492186724810851227798771998059729785432661040, 70223112013639944004247182604803432945792437367857517296771769851959889625907], [44718497623084755327660013472809261334895661796557817001394442033956748529317, 43243180151900590763276108776561931619665522385668650100932802601298979250508], [76407465716008782572919650516007923312100283985074503112673441303133820174911, 39418289888550610954383051364399729638571566843111461069034672911017072810916], [63341105276423231026608309615434941556308566304653753532268331824950982453098, 49616600112259694832190304772094534243174340296336742218139576958720999439468], [59073420068049479697915250423659510188285033960337969117780921170523513356583, 19396565597073268323349607033033003199661049404254210070370833165288858016249]]
