57446986004553419866394891227531852630482720269581266223045201499719977491837
0
53767711296588895188120690092797167589553120093512157825546734853089890831922
0
56730782342599487386611488711951180594816979940728457080638605240258388403886
36703996351783363892554903530401204582023095681721268946947895800665919995357
15465457579379839575899885468863368314650866503499441543681335664758363116360
27871265720858617467658951565683934900011691209335366853024029435532276605301
17588241265524792543953915993478136601967558842758003171983227546028751614238
47407823194457795751260218998778948324338390629203283790997568729769607919125
9732916046036036253847221705578924624260053137778333360806274641989457536976
70008000508207000875918376969103529661412523940345799902764694519103704678493
6724353441433840930571858948688618332352452488979451093213804181438108800196
5849011680890273622427859646557162416824029741438996872316101617814868249796
53487243933024356243894190787204522801785511850212554198309813455358778663450
77534456913919711101225210651034490132071643041413935899205977544327813390145
36103244776656571876266456773238957962574037728769581216484624642066189411046
16307455188599401496117642945557304865091308053826816546580110722983891223868
12010681072457335545691300789317370239477943264748650530378636721438371004168
3566133831847066311656397187909443602862835182957655601873702485653893055839
34604367377953198628106607615665690164032533943433361986088727511434686298829
42738870173158593741361325663261382930588983258818571163526186727342251239330
31540601900970648500309784306592652779588923736090312844878514185388800988205
32822661792110698417047439169178238872830635556300715005458808569246380942780
77224031629294644489430765779161454226088989943708881899427034682097188438994
42068772710554863035856160724582384283011764806542922480666167142668113507517
30159450893417296737541760687413043759742793115782426627679099998694595814571
49930515644460500927890074122144024607040435133650088288180800986277631539731
22521192217907438700375163061638155108973357929436511154871772775019476745313
43287915102417752214191187739813085365692582467570415823237696239721284031731
19003329414156584215390670068286301415548504870698259214249421053180525126392
24547317247497696979302121664967202603777341313685103490024015047820282965474
54428281414590211527160130603290481474067757983448894663315336378861557613655
16020505080870029956743096820913358352041688863210323042222171523648622845898
48381992920472240827907301537842139598963906707502821163332153716558263355423
22026407241171767070981555409305322907178434819331363792500971935861984007804
40831078435651703052986820018337166785905534979033688071087150280174110464343
53896103327290042135738107215093926947828809981181102101319912954385101963563
19858679925173376727919584472151293443661769872111131832566921904744267814484
78380571745544841876901357483953687953352357889307636195714764231295677883797
