[16852585327895551711939380616110837843054479590904455704581619963033469153091, 50915372692142687316180808753682061130262202438296748770185323680937921905557]
[34836675564354961141092681152705769381764144954608343360135337182107420090571, 78060503918949050069776162786772486058067576440419826830669514929109554598525]
[48758698619462615190909628638455427446308467363146817373891292643252182631703, 55056671991120078172684761391601687455613746998828719583936743729646278932061]
[53275996123943666950177151056148792508027477822653345446260676383080024635915, 13296191627455401837526174126910363366083913886945626931103731421568770379041]
[14285048769651555897419828551419804332816516012402088793433702566755629693036, 61190069230138234001780719162281233653635257349507721443434639576844995024949]
[62549198998948794447523393764682217794114183501707558970235684720086696884567, 69927283893851391651469341579757007394143070443249678860585964041846424760452]
[74555756433627890266452336345723348227857584593580268369108531219662388691337, 55803939375342405324951205686757530624288708834649150826767658347228800896602]
[20234081562410726501156553687206997403927849675990055679166792436192798908795, 61096108082264688535556862362857804145698812795401555322953493346144809179911]
[16426370623400414102299713842759876003700942221399881872479581252512717825037, 1795528258125489025869270079837176589103010935369769054250128191133102259934]
[56994095419481716022793269496364508173732219605377354014085158935740262473933, 52000094996573325807864228548883273206899174808748724241522466067810148183538]
[7276866252749722497999292907686719387164670103409817411808336900011835517047, 4908846625148470111263465689382880506153246637763203725438853519717619506215]
[59524362817587088455933905620666780558099235899222787162530882983807113783874, 60613459723809927622087313942422151516103243024894256393134116279270714895006]
[10522636236247809400288509517257642474761988982298316927778918557629638944413, 60679248363581980085713822283177207246180066914349938169806982338750400375745]
[65281608039121383088777151494701180633417820552311986040007480676376121700137, 4814229459642722400961643394368926932661446942715852060787488478271126404222]
[55418011459377283453294317046043425307519765178943284832122441012448260445794, 47817657381938682275360474530685131905317185063610044274825358409954696058428]
[38028831082244424962903589029924545539804364793046033589731770271132395330141, 6718593885709339285022639281893676834213730785852421293980512727623801050850]
[49504683067093137480876256600951534831157653700186466616215687543264825203330, 59931031320877798164888435793489569986750212273119280088185814375647506628181]
[35174546797105351336097117712084615172452363720562604695256350670613069862022, 66312263211635201250103284094026203068878703730686156637374717286544969146506]
[58692828829211521899422009819764824828919459243425290887489395510640150650110, 3057301247522232866395348689568780230123557519650467124977121315717348639381]
[17558402968186865213257029862423764375328819004859518727566611800631231526996, 14383522387553842946428712670845316521434528201689636464513683069027206547082]
[51863967799700152853161711123477924046420182849760675725084258350414563969419, 51959853346914080606485383462673553410514715391261215980785905527382468835871]
[63067058371492605814487034102601371179565588558825622629484163341278820819106, 4931180871707801563603285977093410730198287233374889578292187736044750300926]
[17140966383980394659223222483313049827848782689472722004543626468279282205624, 57905170523421160799072347774939832952065049236592665516855823092541543340884]
[77513839813686802813518541813881554886473358107829510782442558294848776737754, 57191104727626750802439272253118058913257914156285193842039027207786942658134]
[4626068393048571756993469886953540804548480370170323680862463085872719610746, 45869887493061674582633267769674411398108129391029569422424683339128772105828]
[80221291117825051900820115269788262848191739043589259755799046059364488333976, 62200272521407698463249656038127230367951474219911850203519546577758015372164]
[11116118620209333421237279458984824831896537409753544074730305088351890680795, 78559303338115089010296494192321103969385524787494358760633466679720984477844]
[79998782450578552055022580962798222252744400213270246831920844700032993106158, 12992676336477310652190252317992030794924746023264927752879792777207353466652]
[6088506963647328896630083857141446163598301416899580357881328978168393692342, 60955940855467395534379140705778794439937578163295296171548690201817962075599]
[21950602950275572106565538600706290332125035131534437112452709655479953067567, 80523628019582826084709741359499572809748631172755445395806049210908811397736]
[5727876651091928823576343428627386554453421378918244649674721959436293191485, 36511622280696886178800709182157960425063803613308157928093699996238907421345]
[12501690133217838624635398025698227647910157162617455322714541812502807601200, 11147812959803106532669803202922635187945527730061815197292827432209959679482]
[10854786930254298810875789639469766994629406873807857821426486388378167187788, 22977988679426513389339105341332781625516117806254272366778320375855860082384]
[11793887435826549650355652353830380841252682426396679252501255918498016972503, 11625001564728869880091515593242220762776675532681387130253705948571631907730]
[35616097932664133021348076575181849215870063261348277593963751960698317693337, 63785133105739060600711099316461474139228849236772777419101500665288991931869]
[19282082863170068239646004388714143538473735253188038777644912181721582131664, 71954233332460508068229360116830966987844107799060183080296234190585625132537]
[11695764550825541164902293716967405588632442176373181873835847288895234587093, 26352270060223496879179386736255664583536919072248135273389681614143043509005]
[37014872782438395141894093614717896452769446351764072174465837187473076844410, 21361453712200536227089216652410882521218283546926748432404484955526186304592]
[2941912870665483295401959083878518492006596822130276266149973549299613692618, 56491767935982589711953749886916502017028359591956589054173969518356932593711]
[2569453059587567166898566111340126297170401524908427778758742431241361500068, 26667218373791506414840552312156098750842933667793110160367185594454592203061]
[47905473011413560705956988313466409237449530998553229756667712748610712006034, 8479990805767397964017267394875661565341911898412173074995791849503136984196]
[76341979982347326376326794306056254894245633745364166809365944673195922553339, 48840606345521423144821174101138171689415142373119332388953443760889086762547]
[40707659789948191314373726680640692027989905699260491038255487265615828780314, 23319624912540227562075720898407102443036656858873123281670633345875403578856]
[10582881636425697857710293248836586397667729198664491638715942383558725342926, 43957141434153712577786227759778777594425702789048496869514117605675991311867]
[40398760110796793084932931534940527996643342074959601824024382574107859530413, 307329782273431396281059764787954641718389438138271294130001965704336817224]
[28100703020285710292245094467145989918810177541789417220356976307304039248043, 69198790605809363049471131813266699307634524702544184107712515672101318342331]
[46838506483763564267860398992467221917588399648364021312027740642294487483454, 57166488814070886825237489921324769186406060692075260685688492818216799621210]
[14309097906753197292986470957794104038031168568464697990062604937351972993939, 72161068466677797376946553718029605084881553067334974523782711175755847186817]
[16971577773636640953155713441259278252550108021155504347919105756465344903686, 772549061073023627521993940139240344056601132876385552996042421417556655778]
[37929777786547820551460172368121245971537553093558725773187038100434692758646, 43720513088843917512394940849973595949885021463423122963903602760572985158201]
[18543740579677380273229820179797713038405429758336992565860941179348330875419, 23412778966983408263695489938984513581839706530769616911595336819118307369231]
[43609134566065910891215037360580615470223313393035889022815238907061052961359, 82040913303564692938814459265538563580461133055181808601592411336711151929467]
[62172833680424386035363937986173702651082222042313946825607168649895780871493, 47725045311030687294191909455877250882333074425862145706098274044640027594698]
[24547738632680045711286433144127455660617167016258460677822502678085540865007, 41789275834417299181073410655843733929198485462183421406261675465467678892546]
[76712779515740276622431794190084574562904022487353784636505664852419994536534, 80856418864738698438924709358816443366458779097413027083152855115441236924188]
[78764872668433615760960576034335776983864749105986777324159551168971429363097, 78493950208750261854377563009394824114562568422750132123287958048991443773808]
[66999582288331980483734920566429753091509420997939426360388100571810790325994, 72146512245801445933837685154532462138690515918170257812372069978240029856855]
[16618573602844324039613098976975762118328120539314882856825634028553201167676, 31530005347079687542687597621150436796230699023368371054281889024083362929095]
[58696808765728927373963592682995648152737381212397430480098714826750982705834, 74446826579867388223333039291859102873501314758450907943639159379915962709242]
[25865777202265477296535260434550064401178335936295013848219083398574711678214, 75779615625659899189302715139945804579673243049779077143392135798733123839275]
[17629391181700045015828058805895494409389445970279144257863561240125256311664, 16766369026426919593529508715738435351752601687895436438756770266372434896838]
[50846720432558813012252174888440238711461399889381686689894516020165482754814, 8370616912121342434349202923508001280699961429474023208824999843652163178396]
[52470118780935759449384765563438988458416069641354369601952554386751128058852, 62883209795218367131803122435027002665839456081688250100287832245084808646352]
[81431806144378960468601699438573252023231358678887262673143912613535243929228, 43589264424599346604654928108710831206667696584516553908988271213070698822787]
[71702996875987394978653322265423151073762661788471690313163509247575810529419, 13110677304511817648117539897647630964108809150664708591092361580584652558878]
[75292197577653420335157957057553344457028934025953733103111254627697020687312, 65343786595221309245787088303396220592711173590845796337716689724154856944225]
[20097368865921402441379388178530644577973328120909467973715787321272981948625, 22057312684648868574344904924510124411430082039480315475430215564429295529662]
[27828983291101849112769007119535612301776343264839552956722520232546291322525, 57787711901620889675510683866358831261481684738300767713577141872280383481285]
[58623160009585452274277945658878427978702591731524573636647693188920127245775, 25919737630539656567478485191774813887180247968488697511012215673859816687915]
[36013818917711152538724028529404554104967726757525057440923812434401899376612, 56222568039880067515034583162418957263921043970592403124527433271221211363262]
[51073696766140303068716882266513872992043684934053895041785718086592880052818, 7917475360529409438589057053521565937323566141904145646106987685663901658470]
[21646559282540746701423061235379681411410407834005460140824889794149752260121, 8412314916452194660070214558566504738974717259839527339844275596842415003211]
[4400374141560872786899619152723087819135752636064563432829957192290449685532, 41658668388398273160427679169871049585797931094642240798470209391416948222583]
[42376033203151251034019785315592113528295617846977041480716207051636640774889, 56547143936529824756625495002223026126032167789540524507897836803578768514797]
[7518248317262559415456993351666501555450993278026841334041451853171671379528, 21321923350923836357644304932030316895461390306060003669326126695374951512975]
[64857192894183440156587467492313472828927135233009512063191269847491109764088, 37112598055716222566096947922048793504817462041492697880098461934416473407803]
[68901193492414939187765986579760451667907682723308297322171872999380660128626, 35769067731906387936226693497447316028150765697361626195700292178428825423056]
[39783257506645855053841406948512740134298695348267362067932765693660826853035, 66852881560003232727656706445202753305604884039356528216816301527314688750554]
[75299216415819726537563316457354891044160626303301391289563383953528779443172, 22108584032751257345882303594920610546914124880164096472310979092538901410059]
[36724937414231170993991086060636939047439705123145720391338136671967004851230, 19787925335206547643038999290128868584267078302894616077611348352688238007112]
[28235285203801817056012784126891461403657363451182461604658799808563591880006, 80914167616944240228227713691480672932332821495775953373060902651376044143678]
[35661666433220337309740370709655967681347337203522372825887506049700657182509, 22750374179318483146849861639070264384101864441518173832392467523525376045228]
[46487764277305376295691587922983874338160928103056448305096407348377121588883, 27017420754538353137784319317739928046253221223244655577774416583082239627410]
[51449304449498826587350352309862589077081515882912380620127544212691202279513, 61143297886236718671661313672433413845467863667872340587610362092929418391343]
[74291213680839943983421821253027555101541857834851015370412337020776751765323, 41216195940211872192089991518165308826602167121834821204431967290795648984189]
[25951183203479574215298534271223885119409558569404790227827223661741860676839, 49366859643990086503249469871635298936914162455898666895658938617781512634779]
[4007075490178774698200476717712834390073295642578588937977820220114823090197, 45919643593594056774286224583285400036009760567591931955956896919159674903595]
[7231894100679813119064867070569432946450959794888376836691631096183381005131, 64744700821931371948597109115161266458517246605299343497690822349131806252283]
[72228164677196808990297848794261297154028224721215647316737371299742077857712, 60692266232390766645986767140410062378506538673708864552681546860803794768565]
[57062542475079452993404590778201519450897998511217084659726635091440096125455, 75615218333371904581861542308587613396148526553516557423188612811308669500019]
[287660312337166834733613684178486098582190907579709862247408875288511802714, 55251342909540956615166219950561565618190738132131739073738910262675829986534]
[62863802248221012219086361074029387785343236584874318730050188833963773871538, 56074901909080889807750490376094917512061283732088948957426973832360798850696]
[33550323968784334049082598015196959216712090993132924401279662014619617280625, 68427808434442545045107435604670335130632432477350001256335361057980834131141]
[28666329038426486308454342739186372055743189081049915696264648582542180043642, 9714541718588821282856417072941103484189109277901701544135410633157008678521]
[9786868379205134553365287062466259210622444519100438947046790351394355777692, 13362471946574648125408298263840131833004383550035595551812410504840064188436]
[[55976521543069365098400986976128296933836077320706092835923866747353221099090, 47882831331440430811724980642426899509149276848544303677334765575824396782474], [2435674893503614911350835608275741550427616514944554959472519812697980210562, 17874953388119400540812079617066322508323524772561842438861031503462440969795], [73894402038632193092540167945374393697657808382333455329202633593875645602067, 67656870159732022514330954144427303364492163787449889441864183170275179120263], [1680792338888237055985789757476087647900109754233271400279048981738836028332, 34066107376665605905992391014630147757032994814662730616368933060620404900754], [34537146810994332227140948782900437605312883711580580999221680341949347557327, 25326814413960997036191754989626264787812919237174481384110480754784939645476], [31419411645757642292368577973691181880115205813622188590004395234108620996966, 22162375267102222102526305742720260620247103010639350750960390159201336207007]]
