20035310240053258548679767293152950680662316344530303755163446689315621264516
0
48272238703094715745576488725184842730107937842162121473558618069176115444261
0
63042008196967072963783730873764505064311968740871283571244870379337408233837
38246175618832352033003117560260580449635378988146800157926507165648188548899
24855729566525566512559411599653170014272477198312653478931475615304141824137
19940652318314629014273227916850877500744473997153154709564077129590662849633
17145004528288048645848845974323144502039863441735732842571667004380736382408
4027524146149575618141410738535848744596665294888234626813342833034745613721
30157297392408217516533907655224124195490391529659405926141264015788184024847
42882463472651234556111814030649780276119577107650436070182143977852364808746
69720982349114462304947676607449280228197588454728086077202289955006876845453
8511823261571579869714071748760370401246810931340262950106701576228341350876
50600488768498496799446196940511513537976456762098794923877701419763225608642
49852031772435782085550167087204015839525371418434482447455211290550143425712
477455044327328383333729087999312804022243239553767408481559900603385975063
64128342133840332581598577464698157027485539748438831956489030332051568097274
54808014778075136391239067401213755524325395346662855588969272864001965819138
20768518809359244190138524819144774834127495843239613430631584417466843193865
40075276168552085725567556723604341777539121397777809350845180193291545246328
35644435112009615979464156473313718536921882925410748660667090836955423810099
54210970261629485922439679504730236141099795623652324570061514829539825923472
16266806922924012241219876350077930599652490714342580294016560014692990566732
18644372203424829105681601937033958897989822961671515205987629520612517902075
73079531501880845053319179967102087459038251273955337482723177459062877155833
8071389798131177772315636591724711228118372854469313696035280604570823900569
36993430732907252920116352516815679648924863303407797804623717777499947723497
75403544804033087582598659668726253386834635530185792949634876715469597105836
19840480565494837062865207881555949920194000516067987544081739278900126254343
42786743080086680244214518873184206302146348627098385636201302179582736439862
67742820473298691849424174410090823268605657952217945256623532358997813094854
63228200655036838350709921138220663184565405644828607576235453687440121429211
75783711584523806041868481965106942622215197982828504598898565837042731215026
8247845145620793565877972785443937052772296800350716822118647591233509738096
63775150195290809733267473260015195913459617470950434472486319258566710656919
254734938482557218626426452253096138404686311568931591200969093907751562092
53187110961504096777327932396613968251473677533740675806349806337144010215998
22100290825194484460987981183342027478495022224059022991201562529912051749522
33097535370251923546922402924986083430285430817581181780787768799168980423600
