[25680559564229704548640634384830984384329901921548656050915296687946301106521, 4129105137205393521555273479314131980716193875683894460251750130426136872014]
[27261396062480565121349330604760164128813113178183328188970533052640503545810, 42045404458167112937350441839564147774393445917336773555120893330045396616433]
[42931990728863224113033809640898622554738458570648520501449091965280323069816, 24232093958566096438465963343039490691782732116480352833095753305565235963353]
[40872588704345139082835372848376242867998510063121740134048513065369798147341, 34795914049981365053637206999982854846508646994353000380733518489506009888120]
[11955250017971974723011264722283780302828821102413729706297280970341728873077, 46849595604424881434831701050995514364748677122884951167775952654123623379382]
[77211593819741047840854730001336494201139584218036113467123504663052292395458, 20633946306368172815289809995986330871624365265891530751602665447799519907470]
[20207448402682854376772884858065792634145040980630211883417385030157552949565, 1827852535687688705941824626324827462705556010450117897939091386226637418151]
[22506995799434532581385046397191339129159652128755760755340367054771250443882, 65126752702111139391810418057391175682962918284920473793055583204536687353154]
[28362073510372111477544465821690777487532063459005779468885567811151319309118, 13093084022517186601945633353469491372242514021111606055952312988550123649853]
[82001766854783859205807481764020339495775741705024385160617171130552849911996, 47746122120215852585646680990615956725518066264677810735041122938331585822956]
[13831135154851894659788144277408111496572932022172299521272958020470447234864, 57495350071950457438894846640619315791410353581734889898579807016248590412275]
[23132310340425042703069818382127015943837435474580394586396765013015409671010, 31633868688841956748681774233108179502092564999999742078836940295987109123516]
[25850537340846268175168272688259914166735370950696401411462812183559979602074, 37032289533990199992671671080666181454162959067893760389735963340492874545153]
[45587732028296278174313782380852215391599332652926700979481763254034633697562, 22544351849131658810361282554948491944847664994650452943864980975331669798338]
[66730567784509695189153174824018617804851643630731504392385199680530896305268, 37874334990172687004798774235940353933760131274034741034600948051025881956340]
[2522211743873549180776353433089900331523686317716440400310350750059898142731, 15017447222137850875550247555945953194394381891743082450901834552621499555748]
[82298985218615353976326097702540407507958641594206907742783564716545048910599, 70674171252486980877366426806373920473891402574396507760419817412220556219065]
[20429785578919689177203026131867818749308823881994516595284359308126486439993, 55294851711585510272961537661316588163934274496345397235309350130447245991022]
[59571550184288931476896747359094670276178970503086175391726369633509158007223, 62633105500048519719038102912930365996584144267926936556452165648424791775275]
[67471033006206006774952907551958437181550074691191181550554953545528730352062, 66546911971874264440462939572908138917999803406662990604964643545509693688131]
[31809175578410268086304937954256001133030962098579036104206687231825418643468, 71210495516798240645524566561047731077853199635957003677983807097290682683574]
[62676335483927309179122284565206697091467877184029256735676247907381181369036, 28158892464164022160183490565585220492346368055618041846513393786559035970151]
[61732688104158742650107532899460180124136235082508478307347934420458095777765, 5981003043457231943732775427991802940654175743960935565240345765011478549538]
[77824625597858012355357513300010305544038826051447221245549703171715179332281, 14963578673350968242567725621770463724855131336137738692930640162189095519796]
[23473714010302650557332588355711172642734320913436831388653270967466728296751, 28766851454855507739554974748187198345101685271974050666052669966663342437474]
[44759914421938844834450677978877210994082150259290311407477775708237332554340, 61970189250947071684492108839796423767501964612088659092773069511503780657288]
[43802901199588882263412614206736468514387250103500846435170537051504771365271, 611983395930257285203562884345690717983224551516712278600128131410307121485]
[13061192424295433832238432621664980243882232067785262034659300632432776427516, 48680169152825087081013789229492642599337624356117924202253043073074626864116]
[23564009788064850316449680551508040966956936425356753445656327152909982455037, 68036287102144318314509190712230529763232338994698971105125850802022805837361]
[38154476524557625222235205541489277551424291970268027269379721655083326069016, 4202841384058636125445796184885239027020951779252466368037414379659352286432]
[14096477377711232836665199715147350322232317816157496390338309460605894074186, 67239249943265259509602768941613629048662979664434433062426806070402653651629]
[4369459229030576412470122401264812168594220419973577618913288781554952713583, 76004269223998723768431248438235237387945819096940863308692966069860849166074]
[56509031398673862071143578350585738261485057061192452839888380386300805526211, 55268991947691794118197924331033416169405662775077548233087053228605839817777]
[43793765158694823911540780095082078802476546531221778944337441623566462873471, 68423518141300444020229166063835765368772736795423605532737432136346543508070]
[56096645472571974094183791685899031943774390220688661805674402100851790864500, 5424400572202711727661437929993990639554007859426214926866205961922877803710]
[2725364236118399776402415211919718260345866806368428430838243666649561204647, 1548951083905914003340782913616070017667492771713513918644730946796736361971]
[49928888639925566684040448020482132868491302385085922576910431630504399694103, 12448875535851910484727632801112531744302372962317475891762445750361543518168]
[63482175393804525428492243764421216809801729436750900689178264274337913368510, 43822021240253495055426352359885025978089107752920297687710927774802682525101]
[33980741071910136546743420931535884170869958640093926097602258786337189104447, 65101303721603597032840160236752855873847266910313091453246349003199602355781]
[51772788303883721867441662227310154044234516595791339571078450610358874272812, 47275056458103893968936999373196202704248233955441756698228088133110818850263]
[313052065375098303124986987242129851643964336053751383631653083940912826104, 69470848148750650704147368161571952775441348792816353991054942807056396350225]
[26253218213865752776737163729072944093790306347683784361219892061806951244922, 70517963785820692878325538437695370301221568048071330504618714419543781588411]
[3236900455621441089622554733714546789119705996580251264418896693771003801682, 69909617679453536135308042310402800290827933839963209023272400009833240753822]
[34762227110211227872315571849561421924601902349115905045542295618383288796844, 58301423661543451333166858504971199085696892542191884055436026248670629825391]
[36326131281494987474426694889816672370756038872064110853988141667898788760782, 59900044245480659301142815655542765645557376889346292914418032489836407196845]
[35155289592902057350975413348824711810826437619318197231960403719689986973472, 59817414908026133892258723003571661095229673117296015897058499239538683129299]
[48427984483956549395684541088835477852772974073971226986126142392669919761465, 7032296723090003813499012375665875224624513715352983697132587825800468929626]
[3481269504241639558085306642540446916971576860193882395745056401098796377321, 17779532444493447997039345014800091754858937039599603586895584186914874283994]
[16662520108137823791276268522612092849073653367270214271541071445606943675928, 63980360577575528616640255480668103687284530759755143614290088530787261995430]
[70200321741611041655726384533816229156587957680311039062101551773457136918939, 48497089681495539371576507373926479563933908698592349436356275200739837174289]
[32993139100211399460810441018706300630215309608453184288713139923068632746045, 2615662275297644538857617971047455308234238332151574267061769012064481545649]
[72797038200574537261873471819376980780852088209063328752998695566478021218608, 30071403509642641872154789264896759227334906965589441790295454521175860772717]
[68808467255699530821604354504690777156543193817292786594400696983646853396342, 74024990081995191978178487768924919062480788309257053123856254672029748746540]
[42725466639819498068729351410922210188056343814065953468027882307065453314751, 39843393081182429327383999899654354980584084864503276961876900561814274939714]
[31994008699973274906674101616203310151293742944786524487276240828692312721886, 12965045609426491534930935793562902831148619714705671548520721359311999544266]
[48868661083269589240335998376463613807657013234924088438282522415452093848201, 13658506390980907226297185278818561513500750041515354018039868331123025180488]
[31661525849527626283919418639658802160107705067442135285976343627262243632884, 15774534735822580904015148451651060883531461759861505645034643200751333411080]
[77326232989258085902346457763552949876573231124997640794421117785144476925136, 15523363302060699248745026568712698336158743651439868863334305299313486857599]
[21761805520185414039255614930453971888635080831874157359042852131999998589081, 81130907816775212191244077124857624298022028314153600989768279600785799957735]
[38296686520748455461236999057772445728287523072216593931245041701866682078379, 70540821721030125238191590734988743018210809844193199039084938948517280936865]
[51965409478998727188735773914070762330276440776429734449455633046423622830807, 3201896514086890219758252152459899402791045755215928426762530615637223606233]
[57343884532664991532517260566454962100863405138604439477701754650559057123684, 79228853700246165785019495715271457469947245898566828336096837774580093275903]
[65970016594784162838316417369651283964791738998437799319086405310032120218349, 75419303545119637966000960551445756587189725209403620650124631229799363006192]
[42710015507186263934792898650674046244745437530869351058656700434903435748184, 77858709602894402899797978719528635617914224426899512907434365612470429303528]
[31100335888622525682697267988506541725332585407622802838518826032461048846637, 10401816704154934065835292322916394609306014313489910419279228906242629815866]
[31045505009960069086014252392487895724854901343218435844236136913164725289991, 81630083300190338665929977277914545745673301300976375157515810141218679072598]
[61821293519202111715145355172140363850451524391420756604710668617626121052489, 61591127072405609290870357660169974844605097377118878791221508296888635230406]
[12461949561098765702997253718160400472498514810967272428994482386891336285836, 5992018239508503267733957554748151704667996951753666882922452366401189896312]
[60406324162513318175187117669280227880144805571422135066660903727958150900726, 71440596572518824325986924694571499362277282210203796508688988301189133038793]
[47202429027071511453181002251792039932027302090403409574357060121010963987138, 76817123634474893228565564060378084661170256961401839232002101271667692082608]
[69495152238213136039927143026137354045728829126408164782764810169377076097101, 36059855135170041930093744062248581656068671051016280921285304017073806824318]
[57972097920478754885088325696924310289231483507428082043216824011435668916372, 24799906926347452766131838032467272566081145929549157641799808675850107767032]
[36346027426491949942488124101978378465661047380426180301630469112262523696410, 12317505379375638167008205108591627412525100043352587965866429145803696507422]
[81040810318818835766639577480828210319177548141688953856574380950779351752332, 24164895538055538562986272475940350451445499534917792011279444031352470134124]
[2398038080549667315990085868212011035714485198538392836616548076780606734104, 63744424995830343643955187250594355253026794501072457442277981237044436844778]
[75190316994523049777393673075444733322782612112890370457567156240679728874720, 21472129720677208089820216740883916772537979595590323623209867786501679388008]
[51283027671824239502302125149125840988918737367396445820834134091388145257290, 31810354775382161450348260618092580385512708460930525841897044512250921410436]
[14201927263235079471767697214839615713373466928952063499274681430096736096698, 2708290834339659233726155913004743014606930695365506811396642482111704648605]
[417645116270732427617283822496223290317608963703610095542081608854264367398, 30721141403872426865448208524935821496112748674964381329891552224793117004711]
[8323400783866538644482297417841406446938006688072777529170483995710146471964, 63241448908822182166570118877999471579352954501603572973313339641400873528810]
[46319265332321876964568874405967897051179387755021359939669920785956673448156, 34136172416860889278929999811110538231489766481360925701581212244685890896190]
[75390775462656335144804366721461023842788282068055768008947497193931070587187, 28464657913438407026833308562754600472922695741834023501048281633864391938749]
[65575063847391338146659359123211916455140734252696769331849876571129301403027, 10662372337210145864472655868888967943467162051984668901012995855855108387900]
[46148634615966945969440339925595490806235757627277443890300706731828445910516, 15802464461883448415067556183552538083301368490787115900629013399507479375893]
[82418460762210769169689678689131492837208668008577508162007373692036443313965, 43675870525806179169344215684664539391921362174262367831958763293684156174882]
[72786347399868394374326920656942759553008144904585792009682512261847949270516, 38459360292106232061433219101587425618637520503904201512044702896287330574523]
[32536686182872184119572740293273694288108914086616521265223785236358500827672, 63135959463271229413328106811717583926513600620834567021503586277380822208233]
[54138902888820717446643002507555531441434519296549171189627581244870395277805, 37628765709301490397042005706828333095013459625593924323238426040553864316339]
[8436185919884829463262640462974915110873720352582156115171620996386098007421, 28064235396497013846998060651972913781708951661503495572341649799158298255349]
[79031107240714409231544887456748698639422098213560200916993023928375092511403, 49611666786160424271096094756030960128502220509841404805776833090207502427221]
[40819242061876355198984179049084158117116160379289550827987775792593859694609, 53041888438156795948570584545835303181963356754728535240224272697950605100727]
[25758875846768001277063710422910408661157169159287963817279483772883624591081, 79473057377622590971217475195737504891540376200417342268062582434875341744421]
[30234915280695026401141647920244293369490203429204760924783026207684467272547, 41013947216249849638421633963562611529480296092545143981916347919699068888934]
[55826498296995275182200261209495845281227122617947986507223087783687477748740, 28573228459207308950206904849502534120799870047187824710762536273598196475611]
[39069421821595177900786665304761390642333096463528903331842268223299737648252, 31825666729944141148276393369781795657889500487312936599382882463811821050436]
[66754749896634335284702563233037339924086596465018198321130070794728853527682, 31893089871038391862765671991878661611494293155754075061025478367016928966487]
[31813317944437984792239094873481665915461886948496207856161050917263332441535, 18613456852779231306775931962262527939668445160342766551680855104696157529629]
[9648337315904055074272223375715508870502612938492172071714191774392998090213, 77277254962722536602987573162739858655855589491423806813291287736540084896684]
[75303576423785927968924142198549078574147337481780238907358411962541060467997, 23917303174555661373939421833829016716341266670570321965548365956644496103808]
[49304668726458206675212710439044316659706225886441024950162322655730891927853, 72547127854679008141535653448813234428162139515575022728403558707180240290968]
[49971673070620030399381066082322325639338581342917928130354136435061706391104, 13214417302594580367887132806048144381781466016549130548850872138890639392934]
[12329461593297813455932784891964417972989917675967301744262979971743412991685, 49576794630541326700882287226604589232463974299436851886069439937892184229079]
[38995318213884635944325709102527193660535378245677447735632277216235107034853, 28806033092383701823290839182578732608568757898766887395906246931774349825166]
[27400435864048225796584030767558329479901480955873949063643770014998960975481, 30882849208805187620187833678247257032602446559912547036476708736058087197296]
[56672637804609962408849242255637272901522670171673064547657368593377306173553, 67794879091090995714071659945864767479952569372532507525185637327520326211155]
[29359318481088023001240453451153856251669715902457977652016538966888954111140, 21704251128266889679345854824708005816261311527905991889429146521957145921493]
[82220606571972487693697571879140806456550320051773522596401671461431452462194, 19796692870411730504379973310213340060251400080400209982830572517034068571206]
[59402064536979736853115451347063624687460991480975137284416177255868096076871, 69966683559235056923700329599301419952181147046367904681736225111078321072981]
[57228796977275456668984411101621301254671160882604658599423760159030441183318, 45377720895922183310626724359799105668175105580199786851742585640018432549072]
[21120771272924742800080282462865300910423728269776103912190801594507632272435, 72856742580203995958927682131086417374016045748504073442887861121361008664440]
[38279706250059864886647709512666523506662220250907574241165891210909426293124, 8727669159882732485125193813153783426243016934942226726743864084285914576598]
[47207189443437053930056813078301373773939589984542098458333515740324556069259, 61167924732839729874898041667974435717508902626946456265684937381522300826004]
[2428838349477518902543638994282995974035867957372179941285522878767874391615, 26695914930846298702972961539728433102570892143539365645554593812600311415278]
[15175236053816838337340062412301220045455394781395185256136057474303745110358, 31674051572138194040466549981919082250506604849091673164704890860843885358241]
[15559712736557104799505438814381059694133167170970497931483666285059023688947, 45384013182633076057144975509107264596486709230954081903867644144109180551900]
[33266295920572936217447804115818131003334039768900024336768265944342870843379, 1189867046016072843377985961253264969464821069673833265937699700926226280230]
[63007151989311759084261362944435508046947653557273169422721978754272475771767, 60931527799288983856103751525867324903207436183584242053328458109632918123275]
[4162448103963009415685451372126161144613217724014363601308842972497555144720, 70861196387465211220545973950856230274775482815401187603503287990271798169012]
[73278822336899412388480487920429678543121127254526201085167642647479689535479, 58143651005879287206686562230903619149913125366988857919095691850501759065449]
[17477110699916407121508170846219205053138327332072046269197052356031244286422, 71578975169186463626256838099195477390518949127785876757289265209147769316866]
[8650577373004256398666807529054257234977473936866513543363202668841581488630, 79651034071457693557278613140514397747628100680432139400949534697405663916416]
[76599251680658727003030128716156196929359334557168434003603319552408560568287, 66086773099747768921919360955966409981481976093202692344529408381555170864904]
[31651969368461295411943566988232618477288355374944529174991720461259278046179, 76973346815333514551404950583072754391550402169133895681120317781594348586568]
[42870795802504642777886028268969780649323367213795090038454184871267839125183, 33116007223380021626106446601084374276406077923212736040159991962305495457534]
[73912081094941114863586213677841827339916343766837586499763094615945054865258, 46698921026277090686446414539489584063876958653392948024502621333411300885152]
[11752110279975202429878261421870420692221176655599684387358501599157841628373, 5371638465521649571548765269781548472980569384851601935347118512456739879353]
[68704699922910447784952476236814193863485839601868936288029245855555675904716, 34415437100693501655561091838254685918148169075414247588437332546230758591328]
[31365784923982033285906183572959713791796159318612733645038514837062093957697, 35614491945273310772434011560114763174667344875598678071128054184576957859907]
[13546456347852729672844040184965168830221287761651535680477357687595138070594, 9891498567739149685032513425453827612825694153677811913657252720641029358922]
[20562607474220938590792074893841667226266724436283115135292019865489563442957, 13717604211574608374899163731350001249892557588586067894300569155071474871280]
[70526912144156550863524252198301885259728457814163009410399011206473140486186, 67576201293346986191610945662316301504820108294416219270117920996996397683200]
[41167409721746419374958987062566902677476501316741569267763669504243199959759, 8853738941142771271683897242336807296267842356843066493525561982771387500662]
[22064772031975171593304708041343448258143163482929929428299381685417742533823, 64911879395758685233981920577989787472887951724477175966979021950562258212824]
[4812495217061978726782090949795320885166069513399863656953670015061984443817, 27137029791646183025108570876418249425445900988598467304792691750382612563161]
[8401233520588479018213362597190844101398667269052529071772991940733118553296, 28827512696748252004373303449854664243264008531358002550162975100757602666442]
[61907787327835931271654417855911456781838285521575087153637698764898020146063, 52596135316701062318317441101430496548541295943463619808524094908823754194678]
[14671272446719386896745905962658472186255302176128358456529965256356210190932, 44312136350513797149981202686467275564893232158104020227517383338126160705813]
[58851454245961827749246557512962319421722184386604291682247655320913934649193, 36826279975092284913199624016669855660837690235603147931730510531434279234751]
[74929493355061413494583912163118901025375563181757577596645037826102623665805, 81613914806346121967298989451872211243183552597927894303216214366325394740504]
[15928436154374784757091118625549282353284718428704441284295323765384180363649, 68150741500936496143870691552744140109635031801718093075741753438349737913335]
[48828187550903593783967226608272215991977489778665286858651557229058826382452, 17986529552327755210173358076494900655887934235482925028481855633380020869734]
[64278661919968446945650436814335059401954687462460438600340996916692274688525, 54879189880074835856167008615082968710942799033616739281467207954262069720447]
[21530680764907418686360861675675110897832418676040513292971054181337503448175, 49104794419899838379585631411504862803486605402039647976748633875194782494458]
[8166119674143911411155997986248771105721990535408167554885825737582490704114, 68104099371647405001109018059547538358280363334687507627304767769718061675009]
[12928262938235177880073850637439666727198616995762319967710987388653144192431, 12177336426016483392908727248022846469110441004849006348965270987146711345281]
[68554385916626887115613283183423846464889438265538877673538218370313032263842, 68609886076317314599402155431986823410525611766939800296117702523608192862499]
[26735126999481454546290475052681661164884130276295819668778308550190286339383, 81711950036854232277190750613961512704446075842899959652633268587933415614362]
[24642989493363597485085459140102992869465722892248413436769927170303378498881, 43792456244556450386775483323672393594914846136631993311470131223742541889644]
[44385935304889817369644089297881187487087855396881514434144310209979885101373, 56878338501285267891381765126768511198233727354916625562370833012149255106497]
[79162623779677386398887328965794961634865396601926902965946241056297818594920, 7247839807517498933343222536351612462735413320975388510545671563264708194553]
[385194841380444842109846838127394884462868944952081711888328603806671743575, 20858834842539033639091406412022950953410769004068604270801861250207526341318]
[60389021973230080450851369547835621289249766170638387424028941649969704894917, 8425160250447921910293426674073803701468139116068329285759829381387816003273]
[38866211384580907902421882368470860284581531949952516852865482012770226421940, 73894851766555244815466814503641258853926307763760967972081817831645646564858]
[21460677783707047219972165437636790209853595295814251014233518489253826158259, 24704731760051149846510099884102203804644711754933160885711075550797893895789]
[58335805866693273505260906231474947438085771703326770730176482557034540629241, 35495392955895966352528523308339841638416801187345160592025686346927088499623]
[44196152365269820746654207138976412421670843940443737603713340069803782429345, 13430835036510429234851071692861271006075696974522523484646194464688255004382]
[69477906335929430844904912404061146032502306282806797058898566259917444963075, 43259731203185326615466618821687853773688193863436449056393972382367567768292]
[52002773089858919054024882102188638968647621619599515720614917723123282533765, 56429207293742793910361534839898694061083642125897423470313612461724547316895]
[45022770889197260377118212164765675709667242590762396049813079543893494350141, 53429338380117603403339262030882887800595317690405445772819705848183048416975]
[78334298838921276589192940714079902415118363902931580914243223377827550029921, 52155049594627520872031823103875477514552102223227748144886302187397905432737]
[48532972144680999300564924275958854951691526150093034178596560787580993284283, 75338297757744960528482706890044386346510769304504086691681278461431607467541]
[25778886172770699745774866306710931250084946459767510342759650169709770361750, 78593746996919120538492415514634851550852039187426557501980043844709257306754]
[60105236832581747433518724658730762536644545919818865689240605141064664592385, 5517540573635552244131826488398533566526608659450661705972019146219086073219]
[41404381772714272886870516349093948542660553666681806019644456471495995473576, 15979929203629456062579135503099121168389132666352318461387710457139837757294]
[13588933659996883104650015530708983387220473210526713678196852777994748345156, 72971519282092080390006673129183516477660246433271459579664652336283597419028]
[3750268346803035215819149422814045713487257924778329652691076749421257764001, 75651555773127915606502339307335605724574585424252791188972053822360785719139]
[3916653063723902679608210206478873855132935203910027604614329152206417608054, 70451665341715144392172566022365425294777049506958661701500465693147824973854]
[39886683802697904995238159415274946061584164491473919425263758419737255659991, 57661691508893497590402146846793180124716959535294438091651231483986633782874]
[13846410694236135255291048967642739520994727739068642716974875786747802256670, 42349896434205653933502270733957678314958371953982465664587411667424311406654]
[37159880329719568665136218693263244897462077873574195121531968918567456566062, 58380596019414455491666363817084225631231251942438206642723395894426446140796]
[2662354981548725918676041039914624576957512883706662420539358187972187207508, 27971157253776264887439403635013054235313498410948294848954988576104550384329]
[63139499673235578540697703978260305063843262022356349859122687289372653143129, 67368442116540331312898803703271676710989569642642115645393568717665851085246]
[69531546211007656074626778757619291991587576502547213520774396710502480649944, 13840207156351270676264407067210023961633030484680089696308998257800337130602]
[55585020309423909360313788443452067074227186724515790140023459120302901591005, 32082068898913049332942561634523627277535567875508951853105086606082157801260]
[54413205487148423911761014242278826151430559774735015560968026426880160335902, 20502795634033192169742826324633908506520289402210189074528437870176677587549]
[62136373452516012557866145957661884204637361327677304945546382805249704682137, 74596876956256967819290120085189911501424243395825854547421884268125657750489]
[33757869698686381407732091032011973208089664330992687179031290398460120752016, 67710727357662194801783286237460173089815883641877047769660552878514047962416]
[11972486827147628237279711306374745549994424880892140307513826368119083618303, 52256077392116049461932177922708861321402566305072329619971636727029929403278]
[8453779501901149591898327161105435440128128790109907013037922263743209715312, 61583638648136903747258992045545242949627318950765036466419391961913648976627]
[55321826872664537340117676501977080554181775390861405932196079527254376543501, 45988673606869152590857143383028432134247848448511481686170142246748979766421]
[15272866575564827654155412596479192347394994161824026650989715392277327753800, 62047575855901418490771681884872288726338109765872243382227777747531507460254]
[29922994818305434517500802522904117757771601835645066201863303242386107700076, 17456206813919558155533217263693333495714499206701736489668901025644845217760]
[35272993592957438201338778868510165525316262676280574388009314344847373633830, 54797133251360988364052132473093951310273362062708629398339533067666304825016]
[14677314034983730953909595595576887504810732161787207343710701668989233018994, 47191257788125467765857930405165731724443109281765139136679272424539402434128]
[52750550090259013393499139002435975459446646385765190575704551101379389135849, 31599611195903538951585664510871864741072856572046256560710231847570537790630]
[26780530562153743037875850096716518085299102317699917206302206582752750219778, 36263527756669550718396339644298815969709999566018589259095772392938251283796]
[8189189224048286211321781110877853762368232090980565391782274623820098134151, 56452663764341318458863653113477107656508982872712663643265701071983754530718]
[19345678775367684633278046081578036633420725174680185421059967893590780491107, 53538445566740323927136033358235508618920016470726532131367550137961546520726]
[20562949836049685651899479954157135557277884387431846647746927990665289187945, 37086111114299169031476552751808422365430668707196554273193455289832096866176]
[4403666600639014567909335798799394298730161478682649765014068224028101566543, 46506186939531614768535007424281652052740462149854763873711440737751764775955]
[66566790645536869566153912262500751494925251390242327744018830104700790448128, 60833461452975811877350983376852000637270513470217208848732674992942689553134]
[26684280998303480387257931493761544201656764098526046231741304082982811999422, 58049136842633814641270956926696065377990398039550295360319990484320494420146]
[80047455893081246179499795886638924553229702402594469982424138463281933132205, 42250609356371386228865018693263927414645307278507939912534849390108394578316]
[69738113283970008931901512545800791649599931708652859937460608483947320311754, 34022797416024600893870735986437071168983844295605957799192261653554724669062]
[74802528030553479989058520941058852856429879829878234452082182027239893352492, 13616775524965200333454839204618704675291259903036062863754402447094612043211]
[78453396427243528567821144608938423726765289029900640425968006455652024029268, 8391521194774782855666289454737605740461146352799858733371299358808389691675]
[6350947842811755629284251371443563280086067227873394183224909373462081388724, 62340777609123502815770490566886101994145589298857001418047819042584150205111]
[25708522407267927845999024097285173657847042402001333255349755460532298904506, 50457017398247565212681235337536143130729083001766439114803909867923211094473]
[34242302705405286461949549901770090424677844831799386267609064477949117686666, 74386362946745410544311990107224920876886440547494903981852845135195314512692]
[54517607678097466703106937942159118967921920529743236583869359973492352240990, 59152128529088149838896664625523723662201636893627200776194687355600165141452]
[20171150812558409282010205890743274791033287553655121768654988563576505044763, 23353942943146379189663673938742069592711221824060514082388640225410809174820]
[64617002481015895290140903048619817351380272109780855827217684681979448575227, 51549925323573922253904252737454239139669009197927735778928821969507666202412]
[67514275454436025170060808232833932504147643915889792350702312102726962106189, 1197998758450254046805300296587242654252099900702293625126717689173138102988]
[31857323162569190697173778414204659152109159664874159667248776200050994554136, 7449261149917103091531579954995255769408960304043799060936811117490903609906]
[66633609188495313489290885477554538091279732349590000925558096211707826907567, 29487527829207957599781639935151793827269287425106622143580956527351370821512]
[14496511906490654168439686586547185189150367672959761530135574475357073880678, 54706295351726238750897946495072892074384397043274594993409921987405159294938]
[2812605940005526717544955029634451303277686333029494894884754269264976224213, 76995079711422430597706192365776211499326047814530771973257847550749806198265]
[62013844754573296833475730288025113921536096510729356718126319903859050632922, 11874147864358754566762922942892428740543503402087881045724928148950209681286]
[27323591206206037416531947368181934813380200688263361313124166410373301879121, 48048882816273537600820163647211919677196613518568841297624338540938505257754]
[31314556245341532697354067019921795431078549855704872267831302194114129020461, 36660859524413714619733082713979559309431642640344629442284501237449337135629]
[17515451639028183022257865739061100745949785359110531345924080986063275416412, 35115882989693066292999798413716256127092382440723682395024119364996692379280]
[76928847290478983263903659655447105173704895003983479306646115247281617136230, 42566782262446388924075156761062521572661433005672102271143435462323601721756]
[29094659611650316680903100977538132126183258777545824533907371926961703851372, 2735513806419523888203804053301650049840823363673481171815139660697532866381]
[11962119618981971933010633070944985994951325831407718245128891685668469745903, 64291778614133842952461946192833390517018961957371433726010584674634221007607]
[9584464077190014359420938463413288551254921150885064446268972592175152827276, 30658883302256276174803283262802732821578613179582551386650131198000519641290]
[48502727307174301028227380223015691012796822086534331409834298924035053614781, 483609193754477054838971030958886742945760002757213969384307401497348326456]
[29349105299938219960035336294024287749722496761524012319620997391587393275453, 24858542349579685461785414843439555447242160884009799430970992218893659876862]
[12583520319146773884538005083551347106049966840036770948027155189230336341218, 64058668473401242108636383886579718878456843498040666425191016501012568959418]
[9577944555310196094006266118863984723752296368375209184832834097105678893871, 56428350145834432285165573693393100065511877472757914767008186468224810134147]
[12190767466439440650021243486525208928666383153687088694858251129517197511268, 16402690833498100602145807626872130626717994025151673429202845804584044782795]
[29892698169595823523757671549078329696288299169545864756419068332541841042202, 13189667315524406415173052435881414039322056388320645987250674495514156319095]
[57158131754055635822774180207591402312300580983972204656391353843061444240033, 18546281572701280379591273315138731285379460026958569184663460848336351626541]
[21535560186340594589225878129707667375986971061283066366859281286968495151062, 66385156355214546241027398603875651646949895039786689199600233934083112491915]
[68365440919069157633676851791155113872131159602062542012350818177038890282154, 29360611445486234215774044406509308081307249922933184950000301637947160649298]
[14006735966910850103641360996800436362890502395462134524258841449993228047181, 5599142608377188875538664628365454018373450453129402959495243711561492567198]
[23189395191319362656134503555980732406691335785412462182902194024543160204953, 5097024979461503504267207275812987810287658258816940333650856275160000492878]
[5834398719407341837734291050053302185135038523482123488160717811410795853339, 48237209058863416549100915098065002896757351574447142229547193599351454085326]
[14457213286282347134149528402421918665356741295273637721100273369455940197016, 69712387466377260381896586133393527740301061723901302587882870838824698233001]
[33928639800512265773140118832150040714525743499314310148742308551106959958805, 18547159928795997396435761719573657334107612402423034024672819402970970805296]
[62993080959970935030518673828913040874691017487354765104271379424010861566216, 633977532686387488425630241905232294141316285547328938589174461721436476046]
[37591980010743510619087542204724403316447222085666158196499631313380064491379, 14228963023591411417323903849381205432086006458984626994063080851087968419547]
[76005378764861255590975770786078307929289970718058019090731273529781829112496, 28138023922514394517438754166560754418914971406672268087046868712365765584228]
[66523181925535692576608019819007961240681242639071862688319015893070635883007, 37617311544127021573768306849785257126573570071265632604331326952836116596692]
[59889506965002172809322254020016937379895724651287882325278431228809298872706, 51779159500047463907904898038795259539142871092673681000446439300950734322536]
[58120506573112764951528240154219267137534782701148499217237547376454634864050, 66226263216369744786393183649250516971141780973501358467258936469227809042567]
[6501027582481945336150413078531496227891114765784026248745229774703342248943, 55365683160485595409232599333877492562382703299598278890651376532674731231825]
[20415204446275382232614319222032085720700965976212300158517317680364439627150, 5697453891768242494394056591121960452909279508992532577868927655864109743326]
[56697998016496082076541145858272171449722888779270546385846208071172380361286, 43453589193501695192518018504820261858629921748668216447389292960889912038149]
[19784759121151241735486567747035494342268322365598606485505130478362153164511, 6494155101622825410901089193341378402703095672436965860702236889559986188105]
[6228074973124217738588149857823978370340179695403375358249389672603784161702, 22218091787997320547424587712299800716076383478681525537080955055942662931613]
[63088620268693681129923542264682676071628477740074165793541166053022993405446, 66116511103567545516644255732175053272354373169122174457992143666862554173998]
[28431605186458267982422159009950794840826296615693275562487620284357737607799, 6413999956705958412233549779446962150061763446319077507204883852385036172593]
[41528844441697744278760962988116043245066577868015217977909864697729731848131, 50625551171830527857050180853305934428683334005086722405436810208750201834969]
[35584645279524526505761620297937062623497306482298675518136414194354172302902, 25567888871190108178259988938665529276443873176357468712089078242986902752238]
[72568919739147375017561564432903709011055142419448228513715635694670731485201, 9897057475285807415265838939699182667317494096709932619594544290667202705807]
[80563262093909321112707548413855288720237431720421398513578388868409244893206, 22366896479487907659279287600434665833818598143469758513083975309044255968649]
[38404966839746856271285131503910398302788953284578865410107381914902922168959, 58907477138118998182712746540233354154710525819286318838924167676857546266836]
[7281845935151170876907182388777652951104887243998788974442520209309174178287, 57731275998146159217286848943508881786560876666233284907880336017467783534448]
[75740586743202896218207159000966818960957154258387508671973052017183327453371, 9062830194836759395372538382465900686308200386809714924096114861214059413406]
[80453525254249704103334669449532620112578890819105294571867110283867136767077, 38892581826297835559755004760559986595689609033182031327758298687257720941838]
[41190756196104648461621018869640130827220501210102240878855316621581864014926, 33692379585044127451750704980460123998217546511150064078024311899990178793531]
[68040422409570239828966720714079228568497357796173255786897526281524244405999, 6815029376584654400276164825559291444126168143888153424340552185186846918826]
[64285211997638125731931669802599105622422342400896620330927867325488477334017, 53821316942588143492593835447762547503749199487076142513470100773876427255179]
[39719841533799243647628521334410143542422528604501423608063202252685350608487, 3979518202948484057043831716319053645271564630167197609153676247779379604065]
[19355549377394776201693137355182463047053293722141528654815365222975249442134, 65151853596244882984396997543336266625368116141367325329337418513283065059906]
[41841782620730998535862739551835485025893041651779057340664123956467036108190, 67440737998565319778445709870909918975501860076032916727477767287781105513093]
[70383404799841809892412746752740203189522236376761361673993252782972568558812, 1110185847149222226775730269374990326743235234235234491389653771591062487278]
[17723245795976514585962509985062012058994629821937736065975197520845557613208, 59975682775545939573445127246204161482847702345562000405585145588368039676574]
[58968466693350789841914417961962337988845120597925415993049116782841105456129, 5394572887694577444874103440241701497474119859914124604888574246755777879473]
[70135674210997169915006061661390375830671632834227574640341697759761951233122, 7621999531402727099542806192544109244571802492528628989942250530598229695061]
[34294691346119381787020236436043393509386917884965925761457107387569254583343, 21403999068183143237379663708308139817588471576239376985896136644311706722082]
[2452101202264880075422543135168526772433185135005724349268771246839714353043, 61062072214751090447670190271688287379973457056101147909024450460179711284745]
[57681484114490077031242499447526107699137852493613530278507855579167983254817, 15511721956913647652894631629768027242086079284238692194692979774410178050042]
[81204823146299613433885956791586313397017051806301033282488133934058464318368, 70868593291826591946462193586216517955509373297437702099760246320292067031300]
[61322709322425583835231196297289606890444586337486890920114363097108006424238, 18064630755234850830777061248333920841992863738682698280296365733060025269001]
[64382952740226196524009320456841609212019699022775266319385834088323407261364, 11829601401198329521546827908532776773386742709360378760395292333658658458865]
[46639669352100677055076290486448090264400162103386832103660574736701547983859, 12958937619617697294187914638549492553375920677641665266690731272474844682097]
[2205830813488094717155303514321529937035432711054902961465496969742998306036, 48902538459859313166679689513246045203575150297582820309335225491957003324538]
[75720024947089246185256967038303527512419504616912882661214110433447451334129, 60271433823085712429844147544566721537615029786748814683585374497745876423695]
[66186077782463937685312845564751118733774680719116017179088053110788702385561, 17059136608117024058510841240331826086649684741452372528722256661812416004725]
[76832275410054651155838306141290807252497468380514866977132665087663546227144, 28921009121624641373142480073230555409003006456307939957162951717116628528431]
[54989787173958595676085544324330290029852006870137722608113988911947464233161, 62341926511041751942183340748771687545723027714194783159927498483743404559149]
[82293298695665342213922762724315511856499700896433642899611991369633709651253, 48310845125943989970290236262133087843043651306936083727078704925735291586562]
[36827730853409573574190399316153958217462363414236974851411871225019458556225, 33033561758565869280142860722398286484551335097905111277698563315445059838664]
[2880859498996243431774076364232972632550714244563493158769047737953972101149, 55196299670403881376095022133488515294712789366571741728570119880646439055725]
[32551875108182019152693473926469181892933986942979856570648275078061239415210, 73836418716337460399002099416356564259121918965981721189288837937949813013492]
[7659245316013721328419586769790459216404450475127490171518093409137967552423, 15527380067995387617253527003827637674947517950567584511945990215185954054208]
[8479182166569925619935079101588785533964679015891875182562830907703846715487, 52744085575041544673883351080202543003243459884801934029648565518524561644444]
[50269386548622988100720342103402451970496313349545703320604467737086480862759, 44148114865813403088177791368071280765321609403547112962395309876999478787140]
[19516877435870234399952392643438947656628907032536145708851166717115571743269, 28039816585314557640854913144360300147026302215679734170811395891588095028744]
[10014344800697909142507220234916343787286353927120762844362185230883056785550, 3173236293308081581259670032867074383993995682899507084639227487265373168201]
[48351201551812043528958667014589320147751249143981319313642292287801108689130, 63216053100929009789681696978422855616905690200684144159061440943613026610212]
[10249836426745299134995120307544869077834336730262914575102665325101726284510, 57174779669037857871842937734267057340001693907900936535419800308675195884834]
[71660051977830331226954009245337493122055614372470033627677862228532012325822, 65838516671114154192598858123909999110383200703623137865765276714286628162983]
[9374967879347342077364874650355948822720503337423341228916096993418615511769, 37794262343907631058314238220464370853457506869872841049187714266627580976483]
[75772238370529440892735255514073800283228405945177278057863536917571911004253, 15913700914378916228843069738330144635803488093897355642727143925315747954663]
[42630554528269361502796438284208353729313293922912628924372517636978510159367, 75256714137523276685710153313352948989537490337320739307677502935292348234875]
[71562453110019346485187174011448320716507835557487629082932127252366538756132, 41778204668836140466057533277691588199968042657876274974181898122177189628366]
[13910748311949846088377783778740555995511315611725605208064302045916805245728, 35547084183592785154636014999896168731579299959791054073019289945342728630930]
[40725661142072867862081150916780432449854413762291089826788644567138296376319, 58154800507975702698933507861914595139623404640996165826991444315983624344192]
[39483012407891211242727574450925243393887478407756112819247294810234494463298, 31336285376916147285352124954543718584732300492431415941690403788458042101246]
[42331962000920392389925829353572791769802519069650791770206281052161183463608, 15365319010727025881413182216044642933063817984703794877410905714114158534902]
[53500424757076570052837748956828919034677077657927522161374394542524991787250, 15808871767144309522971222416701523809518624010135983895596781379228099640675]
[45463255972570043116261094526457054850949798785416045401254856238775108478768, 27356650957277161431284090012165807471633367429348217705708405646369832792770]
[16199655907493481483634754811874765887290304832801241629238933581677560083666, 50872508315881144105230435971397360414711409520103167382639009046064413415294]
[55111260747356634721400474354245775306767130182689591499512794165291369761374, 22929564029441423566007674660261407103642471045566555424717208664732264431989]
[68703014152306527504890828290178925808508072004410517774370042471846462455762, 48870305757628675166936899000712745292661879668053297953574603247469285089809]
[46888894788178051337906823409833611352772873921763666767581640297624645910423, 58520216285536011733210987904675958998819205453538452859933680196572495553315]
[58006346098619533131911794071046098504191457717777421433594372789329740144918, 2607199582081015568171976759842662016735906112343098501741213013915144043202]
[6702298279455480623924302590371272277126778370102523259175081751470707911869, 78622802122195104259534387828920336169861679740597155866136530151656855379871]
[55081948438540809316807586729214740522215578531828035282336140614331394093102, 80658174608699433343475129331326261217788342165745285607004271646447062815533]
[81438460758418951953707411025308813848498553684670318982249492144186864719382, 59394987457896737414907265922935521600774878496004510007549754416386446434424]
[72885022178083330460685090861124575074893517335110307443855497406220307949413, 68072093958675582964197707572609018519912131702124073250956871935975505129368]
[15807452138936129601192689397179065271901749973380585679884713143212714306038, 54532187315462053173579420983278370926699475090587867825797388209658763142024]
[32571870966687390705537369283041826071135564406004815373227336047999650530520, 58230068100933134945609869700000000061540554310141681406182233816862877506873]
[16179752243767707748315817395067780738689586536477583426988826146368797405190, 35826431660195232297838670410280775025205328755889419234012363365952033918351]
[81777915960605758630564900403281187755351074088498701582959725583057734036073, 26046434230102931334955875871603655391295493316350420436180773497338105144402]
[43748368372459221435310549081199606195800240102433480575891824484448237323921, 31649844445951570687017905613832088703729283011503323781258850452494661327439]
[378913309781440449702127282414407427080016729320668086512008759436575027356, 49040253306374598171708235982561004370023648640483865438934126493239082792789]
[66479134941397956970173308226287318704976996610115275470837155703420113395993, 2092242813240506599829213769037335566019327767197797189752384026537940727591]
[46048831434544186169422783395610345517047533446501120438795466657169901477594, 68401818789966670016270389039914307851623093461833935560981989797348730553782]
[68588486236187956514312006271670728853239765288129036576594192451654174655551, 50970229585407133537521011490835009794160340032546730536947865804744967941505]
[9246245851109194653104822875085734538208097640686356127505122663154753409600, 73765274041831712426818929672391181537500261613293184023588658541556015414181]
[476070062712164628818676238462208419861460064503925635450032661869909918060, 76341792747344571983632439891962526226802103165682532752734484053771358988841]
[29352626908906256902247254571254568428616022834605956180669713753125217494716, 5605478042352578771967471208443626007463948255070379041143929362700226658356]
[67223494486178076614616274031455242240237239004652207509761614964626147630714, 31661512947477912957656924560546387896387582164862697761092549294919164065801]
[14184242428391263569595518009229266288136206578939831177801587767179005967646, 13687608581444023324701577732839294798486334185894908117688954420290335246275]
[2997570162306711166517716119718547299590029765943948575369905132761488782194, 75443584300964026042018601464736357541816150246147588865221394637057558601385]
[20460834040500208199333468893315228070209183295907674573034635113798991556447, 6727641359094944404373507043156136339822267701361974700513893913889006442567]
[64667015319510819332385970259282737204462075127925721669232116894418081907758, 27970969213751380813530516522063708836594829475324233847388301004429096827657]
[72884440197823425235311954253603354778279431707202636982967346201334253256584, 47730500071859174728493700309568636778157827042912137308251088427535460310945]
[46637994197863554068664890647910693801736678077963315580225932922411876256037, 4705278991326853780144000910469343080813063590062446187048979982402033622285]
[13739950843443888328024312208252404458021016368957001736667589721024187699971, 76772839640848687946476550255317648866953128499263419500951968186277686598093]
[44054391821017418534127923190460487956759320647259635534071010029965503926358, 9397641448647034436900122182468480935767269734092780308494061616491564378524]
[64757273430358448596833957975909859358166245608445209453077923047470581179943, 77751045725978935156052864415584355228007181678107086280322617607473324301661]
[19342174949001417827451510544854299375966054518027009462088023567395439286963, 32629223500962863560153644189639473186110236388891417437266973298419132392342]
[44206054458739435522060032397144866004178690817446487949904882865559451607743, 77202400135477617108076197921805978833233731157558334570323382122044841444944]
[81534148259139579457897178230053459644864705402550299675096047822709546979422, 67670773715217287116860843023831537546419880326725344867865415695190933306175]
[40329311643550980366295169410391598443357954107489532901151229330091309679628, 37095580545344271719291429087865936501741768792179361438251607483128524321677]
[21230292826193118274729315486539273247168117499401640685813145172007189231503, 27979003579112387797754517182466268140550053479214737961336061026480252385346]
[43376334258453975897571612505441917010739558677589200197542538752091521570867, 9335168058474485188854517275996684586165130981640283802570137183899921346661]
[78763549259507984710025960082658645522359485420460247206416813766663913910952, 26699274349139422462576203452510119214177895666440377249927839576766850555924]
[2973195178329040049050866530361012701309404385861217454340712703376253088210, 28384165373683963611437001857431819148902314298614586453498118989963586414926]
[75885597893575721175597648569386059076788547223378796482166411967532598841222, 18120202857902513384947771444207871435180136937578581950771072177218037310332]
[30886742005811814500193427484957229290289410901089226419485910299420256885148, 79553881074307636061938426680522636124963691156139488412921510243327516356179]
[7034325108856932222265960116837326119259083773644885071076619534495665449079, 59858224174460195042446479664410687481180227211905937860165226753067480439240]
[19652464335449436567513123560649967161304456202872853143116454592023120266887, 78571132694323393734507511745537721512504847652013371576893171635655906165180]
[37606399087296507802407697064507581804522285279057580484175723515490131125253, 58477039076385517231121310975022395927776370697101791360294372211883526057864]
[65428814479278101124526374152638541328859465523778626441950175134327557174491, 30022624161254705154354587012111781177930338033024627240087406258700153143576]
[45774069782911669844090526440236908497801768728310489413415492199652524911588, 48975758379830905710167425170904502874242298713572825090502684984583868744458]
[18726759209016129221365570549972527909095529616756837306329405010224221797877, 17585816657676243438856216799842462676037394673544136039596377901002441045453]
[18158910275029362823809710977614381340835435088281780655762757709581632056097, 34705844942682728411470726700416797106845306221034622492422056723981816237880]
[24975358392799858806761706386798550606167999141470160820109837236993416238839, 53151112312746838523420354641632034782322068662317577221996061518837124355121]
[58868037748522805893656785557551277488183266818355478446085477736568129194681, 34737048613843702901483191132734477457018972814799640795065182051992619853210]
[13361837207045165531947900057532345346635547767290685370177555400427767789664, 29861182612821720900401093361278566653416560415206907156216192927407507113695]
[71888879664562631896110899673419928653697751031871400332441213689534442087175, 54092613618909360036436926502270176983073883846705392513794942494224536039741]
[49311383130715769797516060744212555682785127461469449371861080400390578888580, 47180204377943516135609143323601954235578191350739513587198273714067195864042]
[54180897647116325250338879095566803124461935104400486027904441791308384331152, 64942516847423355819689893867659272852886918099445269951501591112391374965719]
[9934654356791417981760659929630386071244149468722856089314077027149943689035, 14705555152166305101908271527359792542025157379705301923102497726968228102896]
[20938085267539514890576821237662443842589090646597552527895633466593307007984, 5258650007684247409179513247518781638074200661891478737999608300641233024813]
[37731164279778744112691423943771626991618908833540168340959385907552323504336, 81431654857869718240787488332073686994593727610525852930665771904135656521649]
[19138509390675476250136287289490972875498998783907855226392827768365626578938, 53553211995465352779031136021523063375341472702388538415528637917529039079773]
[41655685629308519591419267090159964021762319242097818852306520440543481138387, 48274102727978419236743847840216463458099665795277312756517705310329551828394]
[82100524669560559564560612573370092381872192616047496990190955521429920426983, 37502897350600702539308746656245345590919202792135023699476216509404265498302]
[26520345775104778292442347115418938668618266267980902852704198280708735791198, 63013939025713498853262359775430064277060454975542508072645002272955786412797]
[75729937125014177589165248280810473739604031159920101440610708110735671037055, 73424909740404374763313344628381156782899234488910574006029638409635566706778]
[81826025894885571205522415044822549418539483629439871224803487513208364419388, 28423028303801962987571748431048312695314680210000303894928545642422580008402]
[22427310952965433038080826324103194391025690329831235950156653802859436932418, 27646058673354253075222548758131078928409991590188056293801999201277162969024]
[29267149832226253426928132960200360417887082811426855012419392552142255857953, 68568090672103338816169057545402764015957559818515738848885375759897397412918]
[35674456977544200912195929550266491679231475919456803696275604472597511478490, 33306205071405160285636458470276447334534468810249957294045536251177713816046]
[26466698011949934944991382920362737175581532886059847355678077415927565593567, 27560598013536131557421874508396003972845251908596971315600768046774450945548]
[45734426309434155072618819738198652660000262769955807685744439063002002821779, 53505360570307873644762406138901036991723043541327654869141005671601114493540]
[14440426802433258621778174867598453419434055016331448668270242580567142380574, 71049301964452293061592323570527999141390690704428306327673744297738501033413]
[27672475760650404262573435446305397273912804392505619818869212598927320384886, 45582126216923141304476388051972099936424359621471909306939033571373097777433]
[1602863792455911418678508454870281971490660938239779281339171022447817203038, 48776024188346942207032464725048595651430738991998444568584082137156003476745]
[27837775440442485277814747007939460048499948302362685190346856996698891627690, 70206646811101930504253028070893480852565917025044554652693738909771247548385]
[8172459238973818785555548955699649913346507115818009199819828913726826477593, 53936697302555716346372995678539860415220914947558231777089222002953990579276]
[59372753431785172157105202142012396676327848064824355020454984865166388955089, 34553395764580757623305382514232685562949916028015400070819891593262000542110]
[54169404190092962098751616326743606443584495288132400943200975699078958559066, 64687836601778146052625927565981640427510034684708077750077911600488777987342]
[37252644823841575780147829433368921285929176771851795692869404619604656534259, 62741773497521675181255020389956369945592589869217324485556340139226727576536]
[28196409019542250696319877598815378671675895637636920194050137255875885524343, 72092511120824230390414994515699351232987602623829338586041804077997666473977]
[36599988918755972722473681874470564142997317279591165985649838054928785300160, 44756329220821013431606988086558506420855873974191432988881592474985167128500]
[29671902215114328919310066224072610424206777915422606784379728827441281803147, 13653347863814749181110379568428291208066575533654773497751941948340024286486]
[65421891078730835481975764056807918129267124720322612345721403752123278510628, 37949214870498421354826175124522023716582400201101984859498965930978631463842]
[60490994251717463839551062414046364625609821775941581875155933306086846886766, 18668388535642584069742849314200553869195808076904191548695065376094323714884]
[23200332646139429367953584210748696336394378752395383615271110819791503958425, 44111256763434028408092756394638363690566570945692157008575816816803692724247]
[21854599495132348337589404527383998417207937520081889162117361155758269590118, 38823284516371458534437449895501406002162859809705905799492513995801867583873]
[16415808061719872129926149240832698730292180497601346311087234582276462366421, 38408700750298902043069134470945435354224426963127900954498541944518222560018]
[43147661926951684055965890395763746761666048078767855293419342704386106773831, 55000709173561900632167212059402161708796048000734662177871395030293912240726]
[16373816549837236415846879713354287184778688752211010018888292898561537502709, 59581793690552422803220993033113705534415944800612762660409716332138714576925]
[34840801151908377408577433139086667509081991264061474598875861392123769610613, 72011116550470751804498407011330972946292309078507409935523695984984990617846]
[13036592411487958564618090099950915050121701240742167051406229219949325856679, 44069065266814158868113729339479416406225659012971493532279181903102525451203]
[39452688143183425741878480251893074355834030535416203679460459725347034262345, 13939078223403479017930332305940296594680293816947868388847822963859067222676]
[20165918411823805306017329618326066709797164724978777846883514772997655782986, 3160894529280513488594666583343309674147121025490922214247991851291301507207]
[6526006479547910655754883046223753797444631669217016673801453450595282599119, 8220734564718089731813988656709301922766788267622321868800316715975790659578]
[48262485379318152229667382075087812821040812991175380039661606645818532640502, 63724324542840441755973481333232403510604259569336774372781584006935570658616]
[34543885360851429274190942770110689790999562924916309868592737179858066165703, 38410093644627473774840508643279794351152653821517051405971617749807936330335]
[80848383541899336377317638899418918773317340681905180354256378607351595998066, 10337294245660805481306706464963506556221614884655076306283495082252980254840]
[10911901033022407376551366882033078697157931537908678929676759293745270581663, 13018417350829369499269062714094007823613950903340079038033382386865821809657]
[49407357293975975041339235850987096510625375048603122431611516328880673230430, 4153466381781803240652492639393825855924071531711991287719670022380486489175]
[59094002839873124907009612895523935423854678506238721534167033556182980037392, 73493798875522861961721867481081538524682890449874345979140402674907988611307]
[20807905267781476531984740074202050484191267341045664937298853491638286698265, 46978549538037653308460826519760693983526515455428275855905761045138874507984]
[10788837479357742522661878735645354312514463912737130054930557157684980161618, 53284595405855482270285504683194431452419852893496717271293396922970048174591]
[30596718729523893097617054921142233298564532828410324093859473799309802462416, 58567897501348959938679137090331794356227805008973068604956458659780550598702]
[60968232058078761802962566784424990693287066863699534878370152792653709525986, 62641460823019660220728192580132462990956636256579018692037769184268902488046]
[2418984718521238617319410891897455501554875925158098550253966183521774295585, 75043443506953391307893694810854528989372155024624823861379916933240212246796]
[13085390981194469722815640063469162494438997759844894071706959184999901915554, 35390263077989553759033062303735794277201470454126976090459187399516145158250]
[33669118089903307957208860014229045255582736142909768613877811490997547850569, 20436583789908465401819249549361633077209043903450379325868210618555892540917]
[63804978870428638580102375087572759831991584176881750935692265548109381271933, 64903622198165015641888760059582904463468128200211775942362575359467133420686]
[71239425313292729334749945612171467591420202675952173375432079529329328067715, 9164247417891505799151950258535660912517200043410750049771666359428426667018]
[80514759760152230817386904733058215309312706015221222312344518297925672396094, 28240988811445669937868025631479032159825252753203108495381547297737547604232]
[34093168474741396209179799842802551588540565839804330625176545572461212783034, 39702812801567234033632069362499469263304006798073889050056896602148815468865]
[54100025864451908376170868741170628990702651269220366685603839588168584367975, 55802022113477133640420160083399094666191694401787746962606117263161057140633]
[78485082569524180910942958739256052199899315659010118581112932659816810855208, 63560022180868268883829481491492020927981594870110779980426523446796716711049]
[82193838954253161712898267858311047271498342358668475866216940771315325728805, 43835906619932281724380010440829147557717363425353198819501437077087741435550]
[78356020493848848601515031455236970783907147413478789557753330878862632771425, 5284804016743986105511363292808296394960567004394855083266755703240157574649]
[33500846284580395731161051545299167442026112238103743535557645365940454034013, 50381265429604704924969040309299218809077008645977906061100727622697532384955]
[25484907017322053974353178348142960066935946430282000869581909298509832920730, 61911697931427739644003813321617452035394144298198314216941373948293554977401]
[5487276624874197492081839468618074985238712017441349100396722338379395035896, 74631892111910963926828571803897941404691732269857222335413271808359837716911]
[31081286870807224674546782268866512064920445444833577226589931895380789398822, 43042053464109352407398620998426075260195906724228308795098398137136105345194]
[11360044111427757555883387124601381082133004995244889174766678831330431899076, 57313454956326649953480166238459489158335670184673898487485741904704789948914]
[17992765583050598892050404971897331607381453450679282717939487078903476485324, 45587390568881253258440895090081222583969660291318812128639432567193604257831]
[80446628445746405874960660065412079383802721477451227493531739682082611464238, 8145834311392333923804117112923907435398877750475370814028535062171071386009]
[6352125237153136227151508479238093608930584265802075754546079882562447759231, 70869627642264478079294612050650884105558690497483962293703954154768164723156]
[23198448549308732488631790715854612122475994135693430875571878902486669943730, 48310526935543177291920429942274640599420706365053592032874159714380827410083]
[5136478695825623400136543555811867289754362812567021614542458632268314146210, 71463808102189164842424833745277796895739605832104875196051053574496934226799]
[56746356025544377957300183163581354030412437147589359711022523613047791775557, 5032408097711939075041362888135822064058969686845594297115439236141005726437]
[7823728323732056146798372130859336110018453162786162924156303217069815667701, 81418757937998097827982460402649937330775513198115144785848719492803212488548]
[55499437272815501203713044331053957496306603667125349568052788005671554710008, 5840387339676754167745441574824563202262713960138501517991699345377962446799]
[60171158759505740003732075963353229483342742321878376358260232252198704515694, 31920881248088791640085806054419938405860622725633801627694612960273450707539]
[46180791850569312368271848738276557683810919072102436077786517300505139207969, 4962277086851048059022339322534256612701767255877014926083264850482934291946]
[6909542256903815261358406573317942789660809768057893953536382302174820036655, 64761279321385756604652281743151597399157025338129954097085223392853346636321]
[9148431833384958685008241173666291539561485431039828801252526401584849342888, 12338971971238524024364846033302894098896110023654489387570073532286098371581]
[75910103812932822186916065056542654869608989144008955053735569272848605376199, 63854803336178483306133957493802500374848038870906633026973799392310533962631]
[50312078973897291763648666950437287892749229193531787539816502638655301917652, 14799725827782999614545994564572577295884107356457613582130131762247012326235]
[39779293695090083097336778716324899821538133988188578004754799098850674001800, 73033113341662050288346108119312402009689391212608253209978198986329800983034]
[40204655305083540784927120535616953059514534556908797643417101427024452837649, 20926616322803205067439857073227815448607590428334968899900826183828247049487]
[12189451855429607894506844027680468657811176685990382326642659236346527862427, 11808880307064707915813551257935354842571322315112210040557249960823619135257]
[1747038426415381974095084757412820976314254339370079958012481781128337507410, 20283674312345051204684400883098475515839964715734888207819689856566239509775]
[49357137292086355163538180280929603192605003227460905778301525049286569576676, 52960528647014971793488879994133426556218121281732038581001201821310678494233]
[65685083296436145708878604480578376702637352246291923917606323962243621628606, 24927037707451038571266516483315855552630600320896840549242051035788526408208]
[16743794284118611276271142445523954812142389543710224704670779812043136081074, 37918767948564771621619891532089790058160909464178278634615275782793963143190]
[25421521101782661526439558448177926151853896382249595331685742235857129495061, 31143022418683130430042570961148764340137578080019335476144475890014235735258]
[33205092303680130690037513043226044285606411626088494009713822883319538365916, 4870841708619831057876018910797007205252434774211261940206384341280658745832]
[73331610565768161718339021068047293534441982744327234995553030618802543262143, 22110015171130422187483632064554050495772672321278611903362908287108214706276]
[30681343105915425846804724261561557928987793772911150765507700612833909556504, 24134690483077963224784154166187761181813505361810425228323540458907307727067]
[11871087400249976324496819933091470854762318067102924049273498046062345283711, 38930630517508421486027345399720468824066671663480092644794505444903629999136]
[38686920322128924647495137419482326518105378069308927922317864274402315868664, 48507718267362610402953055461476295822038733126399028550549420565799063043112]
[27152973176111729794314777292227184160074320961898329662732396392130721083761, 63190168394294617599414450142078840740149979664078482051401841176394786509393]
[47715558773498407806831549630973185528570975830762114391819088483663709545986, 9281265403081442669200316622084796712260297583745609521802881815063890079300]
[15079707823523252039124865010257342305498674203802531195816277030481174843605, 73380983726150026301133333595893632161050091162598608723071335558560606543129]
[72289095555091804829954060708408024204114053395848616545032942541641827746934, 60585737462596148962051468477026484535950448429198234854560086871863293480527]
[13463448810868385711142457112206823978463627326259935150804954806775217229419, 62432206986635570098306860421928344580521703666591345950005161672193365325357]
[38986196194931657440526259625829833828297574078514326975341752113335536271297, 43202237378813342839751729385934833239969397087808071448304333444767359567508]
[17107686951727573442634957480905758512022659340911401338468753619317693357440, 49148034432848463805970732911195516564892210810035556765252779706637420879213]
[12526487545224135392052244826601810771694665890156645239991487834049402380924, 7158001780102649716963604282210468356941957908630173708336750655759720724022]
[25991656758224588815118021413413713535256717268921569845348579190126581151678, 22392210490138899449611122870917156325755589555862231952237459783420745777858]
[4709438315670218686108061755627638175963252318019364345377876036691675305487, 5564454866114573704172693400232359405122806623209314034930788101124462590457]
[73779859250516288540859789675673781243221266294045224056415136720549357899901, 17237844586237758973781030601739534116089829449259238156054521207811282761401]
[15083568625296521289340678661285862132415397933177721975190135810145168218554, 54207308415730880434945005087103068513898251758803551657973203697583548925269]
[67022046331243104889660547594085412800587175244069022894363743637482348147140, 31964499566611102239297715823178601062179553084290013486882049136860103379870]
[6482888718670696970679446119718165002541322517439849954651347210288642490122, 70257984870026312395656064346669559117414494520358313391886147205169841083018]
[[35728046766544936302850568788752440038343763608066756347502382196195416072095, 61126927889118410816410303186765186589314468351059225965681849390324149459801], [55903058861134653798118455166180638355524497611169534189684873320605530585475, 63901019598775157009109064054317526246851068515774437701922448304940688634192], [40808670054548888175582203396129403158923727400279948119359330758871026571976, 40002334163054778027647531922148198291552291686146442202212161157404356175070], [16569812449574045858330108860340198201413534686269566211256402663484372685535, 10015737213738046955508847748800268947696464554889276769212310327247664767727], [63087158884507335998196238296675841005346777673150836710479400304034243485453, 471795295739712528876023118062699445353862991842382395208612401589915550145], [75527367609717738529400946930902257564515283256345767290833278689204732144894, 59013033252997425493622806890321438505303831281007019287484086957952733147772]]
[[35493627027222783773755632833374788241320957090798161344108592694074079786754, 81860914623884060173869213933701745931743108121533790430821784998145547647670], [63241259437397563021330599222601932798664856614957338155413014872368643283163, 48887081141625977539622615403470428971671167254869489572659023500347545480260], [38649743252822079607941191146007660071523535137165059567695117885452738011331, 8231925968395620504165802870330259867615421553264926915151560992889830439139], [3389454583208908582325204654011085173631465636582410684639713171442655035425, 69260621317781510855140915211901484975838644152332909753860850553892208474312], [59438336092026303044238673426330460442919421798296083183601179193714743714666, 54604827883773209839605255853897442401493998011636327309060175732642996910083], [60273441305029812275700163489807956104769098466580518623777464513453733640124, 34557961823670815368761407413023644903003874585862233981379699819904599691321]]
[[4270020873822458723734367967714286794481426678846626850042322787225887079606, 1592298961425010091930635119243800392486588778850565915919614610265733994910], [70338026851226009597273813770831470517799489976815948891825142218231027036163, 74568147722292115364950950274424347987087995673131234567521628084058390691912], [13782773237598322501794696098037660508704546034073160731374218401762339899654, 74933151076197753164724993657673823896562652053110675000265368839648267263287], [41738756399686979478735022837649836144311059763613859607202036411090817135459, 2014570803205250694827506864641303116477149647652734878887893789346734307811], [51445413834148368708098570295206011179692055324988114568592409658983495511626, 68328824932206639578559280772429158232643682131378842005140683730988354560178], [23109253081755101511562229775127290861359645258017655768302095065134636483980, 66035042526930041778334855536440032403209963192747191099384640338079155990094]]
[[44315104601425882030291433065896635317750022874643379523165184225522882056370, 47617774654526710652745708567060602205213693836916726208799228244375782094176], [72290228187976133367676808622850800666705014515288852623366743661765237425843, 22563000372257452456673542079639869502998925371656681446698209231513771086336], [12350506781850541841558645956411456858901297543147157873989142131473674010631, 70498641050543957239241454786243853675848687810512056235262416118199573538018], [1068458986400743067396374974701132651675678499051912343552835522965635430202, 40846711481340379420183855249852951082577052453225581123552721323284301550399], [69984711560499414947514831564277215747738251024343783381230711889423346569917, 20905199132217427962220463860904737016381826297162073078021575465327389162306], [79047632184941581557141995666518276628021178264293545051617921384148485055655, 63969004196755054731410558263332917325737510876590781293125275889888205058095]]
