39815537131018751791054155913846251273550364539387187267356843014808846629040
7740783409656335055925961434323903413102134782694454639494642379568716791571
7862348725483140258516343913339963557013137858448041565937369711726735931340
37994614317802369095883888963728798386941775251273702497024126781948132889628
1662951061158957488812612387819639034676705058556593779295952898484466034530
15178229863697500015281309823470424025659410773794328934417935408426843150120
61768521471089347054956240986974135426214420540755275505771199781258235948205
44853443523350139524594209950738135240687007082847098005537176657425368467817
10704098219789796321362903193146677621682184257548630755443610157866966903303
44679206238033795503990971570760002676949194080261234876556964024356468707025
73228708489825906888359199331443928699293381751833540438801220909316978477506
35392879767929222372702328682594296835863687190274068464955418691220669388188
37225082924540832591696885877844539449659696054654831536574944189634137665694
67301093427817764160614429978855360889288855361953852283173601466694825394425
62989629185867226531094976602196283264426701495975440364122753056016821519255
28062185601722713516876723254433645394463978634673148374157194877951951049071
70713784552065949229394478117827231594196098270515376804812094295929761133726
21427915928626484705220008146904915355983625479193910206977611525422282039296
73140250862339716337167652399276022981376848538634506153808385371024709836801
81642782664873472365962774021239268623708402816709394093605502094996175108361
46285535787335011757169529078179984371698407433661817134076158896316380585860
78104253167670102917126852235063003684938279812182530487733900223536411734911
46651259945760790328836250416767824835936905031821235672594925095550897431162
9673921053113302543266374854507855915492010245091353788291175654095593883746
70832275839784088174567255930226891712646999116286556390362143529544783219482
60950893947764066618367231918900478930992337126694246093338606404342120206624
33215006678706501944658285720664304487842662038085259549058185694036847869020
82170618811213426260739060796966421784585838445976135702780588283355229716348
38735246362905667904602895082333032938282981670978119198931921048006643051355
13432122813747785247696005675518467488244790338978384530661478038897444295655
7041505115130613599762931700211462734357824387624135169478844175454562955920
71255137894032907744882464248728491205033389858766270127735261883448489862818
57837517143157292070397962680220083312584464226294352249855362815227205768836
33155230171762099679961727026721999659555810503431557064872140903350544506514
24577068261979354155383914037518711639719530705990086012532194048107291047480
1769986529328108627778933862715941228681246462630408643366102833110900546893
50245059884835005883300808684677047829805745052071017885872360831500512730609
77250806453016845064905644886140353220507473663600760472307790064797448784535
24947581924059176788256572329839661153855906102372730447734499636082303757180
40851072599050353949224270502325314773865270385608808332381231129802302231910
7567790715668194923432799075592335424509758867931829649445364485143572578327
22413546606047223361381914240116416326995316097604775457232460439547680262580
80698151543060212797066287748996560826819395950652013649635519574147228696606
33411259815163595546492960475190713526777141754996034657795340566770309280658
77135049571215251139273362612496718208096944376499381807859128951965116083761
22489319342841004066357173509823590506025399708604281172105408382884722589374
69021954991577042822434440285297531713516973737645022534060823004852332820475
81198433341334298741563429767266858162204382881882129428490208581942460810099
13053063250365372940514612780055455770988273232963387020873488054960413051826
30469460352554562917291187899579873247929576743204949032452773782286978081156
68167712296305003817169308436410984231310071475632179366509624558245816863858
62620984629020770772408001528998094633229847748933983291459425815960542382847
34050071986889786651424725815361083724734255131441579946426566543028935132799
28000929294487245046470893395089200930622054649437748498286870234663218374189
22321349698613239625286176537104503656020166451810987458702427762308521536925
43531274282078019723841027903160136651010759707904777792527273733539112793379
44171451147463997442040312808804871456266419495592336694319744267168157097597
69386460263307347578047523805874000116535846472889877388400504693759587670764
33134850406648147084178580664906715611125081747732518976222789351809666965063
75127650198325664476229353245216006497351182935772280979911575551269849858505
16743222822909037929546700860278354716063186756336472222719632371776661735039
4757942771456610468115381387783572356275352388927089871303240830459920090278
54381821613123318932085405976821894937553909256916488774900323376658150088927
8044726543018880699080289121816752456369415785072245176223492951362311087697
72638672592521956845653596959695940163576637890894343876213394745429302475667
73105438544567494817170393102667361985421975862173598906033292929467045227169
70064335966789313566267919259980708076343703475087008033543334226081415251991
26725568493757487332867461693033212635520980710350227773005111796304012714180
24565778834437090057858926255840299917815790361272039925352108354770508436013
61340445177956987495128004173540550421377613402484486764340536686030773049203
63370576054862874026273010229361112738605328189236583833485950413760261000935
28034149843229813316480602222401145186790894172936251702289025557790702202803
68329124918026128239376530692497002354417470352753496975678602110158356204869
63850435752843643664857584912224726908481324567975522066287073939111602080733
8365480171350148878778831970870190765786806973830657382640685913255608709518
26505862781393174421781315354701990593312692635635558097751745530165434162109
43004483335770512203173496977356292770871433177552246342251716122733466206679
61866257255980051813919490173123944307825241499787968265917191234873096754005
1750403964165781764190457174506255796620813052650638711569045439134335857240
62827504403143451251951985287496375163970657624302329080166169865245470708439
7548208716757856990954479836798573960528552217091558116047042732479765457043
74707508141509568718909045176780129743609162070460642049592492492092704868017
72813952720134254719127828830715945565297097321253365150373108508376806590727
44878732630650241701018460716660847178772488111518646411322533794842244778540
7672282825184338623626508364639018361569847305745876158984816356047889104694
49672735756351998964641137143305077321104836102045092334981943643861469768380
61746969526709398761663163233941381535251962335399944735613727836627048518771
42367991223104018812126246991151057798281225771591261765792704228613164143448
29813262113072200223999842362331606607492014422727737789003044268388152772155
56936738479695049710934208106447505727516937751695500476972965328289714585132
45119641148658756677466049624865721692024381129921717598868093126846045581937
5958788224667149427298623023679837482806372747050401457017308087872051486963
65528661796626701051316457604475367481438259084024005119345681881728444988473
52977242592179170235141549952459390409436437482801849587399319358216550440391
60798164420699092265383854844070313776133337229747753045664874627340378589482
48741088807556886404330707374015318122568365009387566012261963842269220504920
39949059958500504566968030885816902351590777656209924998652954188782737987789
42971872447837041740975710948194513151265317609417395849085417030834423927456
19585472059797934410313957710543605118154494930154691661012713992428096594299
11372360571737413415486548751703243389117842593404538519826478159856147546969
20998063353691957985504596366231023511188457252754639648083545793250528848974
15288654815669696025781010249334466090535639214106533905820934686993476839176
19712532623890898104017969702609694584460478078516315848461524212028931131815
81371641848804137190131842206805110211578511265823246197757245182597994902937
73958522192294673476863912983551058616068850760919995125105064796580014492128
3430363723106021389317847964869439803191176922654579720444732719331848624098
11520734260160415417068324917136840316222439285579948302468299989970475874461
16704451760048661572156763433320680496675224901575824353121706743146760782428
1387633215960294017145764297566234291517159191764732491952170084274604217311
37964847185874856307314773238173547525443929528609915321506797896320598657184
1691465432352432354899768024908465424977394607821884517710673105056183868847
59002830370301731648034662338655428911057040834821339034977638842297077488752
43025777346418498863973330734806845832681347219180799368255873172740099288373
21624343935832270486476959596921749722292723188217041138297042071779385618194
12302845307758992433853921617946515304345342014563869713883144134582093404818
493283736395961288852517055827169635303716277311019869695882234918601243241
50073547379382758395187097941319706992532220641190712305030151884455855459139
36309317973850695490848908971181330029125732572176393028125170482623096663234
64767370081477684117874195094229807605435193876306760159023489222702292194360
79113581646280579206751492170756550007606902654347110637627223604084263318649
71826847590477772824586116450163219661996443440284842240739984355453801503391
62318319655690122566145853344508822351338746351055138548775251021069370757184
71806564769474740521142175227645017829895344594851592010720595804376457465907
1669807892294100990802628224412302709075585819740347784290984040157509754182
41555204999088794215904728637614273892439816239564247456573648144568760512601
47709770908395834133762810325313317864646640640718959737418655135231456239638
24480782459726615313318326395123719964000092735470309500046895436195995937800
27139242989873143858106577254488050485408624773702698008695735565315418901607
72632717840697688174427311557623333228746526823896179527300291955051437765953
70212314551805509218587615113778575417385721353008177849215373043340991445708
27178105714662855984160531655389449005409244768924578426563638639708110339671
65670087266731854203484240820799333906584421896801498794737094490088638362425
8860154615722157317544263617769115914509822746886990868492187997705340782411
42249488944563432296159528604266742889276108445756140100996293569066297639463
67901152796522692749057318439641699596917080376092274509870930960298489340214
57650431083167191528005895176527909291888844332574440842024481653460282986104
57788526917015987472069610603801988658440414840274174441205804587140007292216
23001881328013618105861505360894801156243837029931655525756858552637023591685
57161174423738029741866324055372947119526843649455814277009103248733024227435
46051237585070053424824521991389432813616881652593599797840577864953370729033
45819844300180807759399800234365309452372172456091468307662459829657238915968
32694039820467808817983358607372950837333199587647925312430602935265870424424
43583124245839243241824870944056993818263669128932785197999753261843175246881
67455594842399552747289811293032545406347959711658350191010689200156898838398
30348921894670248577994794949393051880449256428982314702429909897988419584319
13449107718778732503331889160709343103986731688064337356310554583943993141294
76717929951318570065978619670497357720535159808280582292102530915975759412910
54506230304516907139703396335695047765180240903392668276296353647566918208824
63285280631056172521331639790654794161657058621261249369736497957147631337998
57114041818958704683201967603316389362997196796149482255686793133300240891464
29624993963359829510577648058380898065857847069762977586288476569651439913713
51781760664018557654086545474778026625964926764289145796634180105716019119748
64231323357736425983797448137168842688124492533857668320954341327757025492833
61221182570553810644485771711408321608244949051159219088474135732229452526163
55954435788393716586037697858092869382488418782991314693944511634103204061822
27292096600638263027527974175633726672384120375113776719854504616014570188444
44338027709822415492514266691822641273050687167681447272943582316891698146745
80264289952393111311688145813877762598704166742651911311592864198099933037905
444626240736141267118321217352889394707738952047015617130088931325150328824
44354862453753750183770332977158085118757696108054418861562961388024973433639
29296177820399978593069550539069902842087393660945704469995416024726927982025
39699312439096894488995002676371015251563759827742020204044924446737817913749
42322062922008354833334969935987809322811963331872729996346107629838813384409
27529505322240757135079505242245384649983631221065100863582237751941105608279
13626050914693514094292833377122023710991404846510721109480129887985173169099
16349678170908450607912043571634453094178490159607634122951685689198337774485
11712303977442707675713289869328344166790868812666546367525924647307217316414
38227271540950352267210574915004734175447204729191114545854690816785342116463
65604413824428334808623413155252380382961143895599372605740340344424608934009
17577256124945525617073612754705388779938264206976752091146236700373661092582
69109461325567930168727611495231202756005929450497399096312384552013498180169
38024141328774145518326263078950124975502397862669202876558283725961077805686
79942913539145971834223914692557743939946832365510730326500169565688631130940
43351127076615394968404955962872110477131653852728951843675223664316932383916
15666473965640306402669763924645873763978723640844437433899689276394308011024
8153114190898437380123434121765276322172376110827746868674073601147943739677
13895692707401807290531617826966718943049801036669353691179995275115289943567
4887392848020639285482424510872058363191649492538043546908273506784495973769
36587004475936560328482871468285509916667504763513894299141714794039530434610
43585122539789432987243347838650308392019499246199006112564909438700068388872
82231777433486562583008870920072516384901165391507432728523900671548449474331
66385998105523867556472991027785874294942067101242028079912918131014199577903
47631936856502581766916216308473396765027989102943358364126625408803592306809
11853457102323881819752073564190020465683699738249237518974615348282098718153
5042274179455419561493397473860753081393831399720191389402656897204344509545
45028896979679382271245124108988574765531378651948103910395987917800940552703
57564822236187921281640383537209890172987744046799613298612124696528794558613
79940054902807155623311618051271251763799799793849978512329735391954480686367
78384655495104419842797140837358900932629763704369524428558371051126449668930
31959987130662366295265747468925140991256912287849832706621482981542897975905
12503116116880279637328225754553486584218747625538782803724634195762151486297
35061317797982837111698421716527052875191673848283448626414083797414092755739
44330977485361645681620235707244628025786078017261752048098263800768830886416
72494278537809673508514201397361255890209638185748821966559543894167682588668
57183397128071642584579627351508076466571983908029176317621649650435231190138
8241111387454353566304103947106335695838386582410802338318301243994248823635
66003077720100664395676093842516573134312409458884010510107039031066694415841
66060492570135168125119176201234380714079898617549186539143675667282197874073
80944566316422923033089909530026640315738174317521978689226510043980402397297
65917306083654399734477489322027593450716341798852269852007498589889793567589
25833908179404501165854323626836818963097978429810315271087406465051603300533
64101499464296786132191730478056823964679677489263266269887852181089230915054
60649775434918963917914893723570364441850365313746616955739903114327306338733
709693437688337243188524453390110063981470643597807066722296077173607634130
52393351365318634391241700321057745846174951348131320053498104080546589679454
78538975764934915765667937172554592139412390137357960687653506489683096256760
75829712359440639128867281434375053127032425942267852589298047262686989811587
48033185480727990603754309381579364148891351080527382959543185957257627058433
27214107409154353681831850790782407887085798300386348737171937883603945376625
41936480086508801678475227619574914929353032322564297484023854594563159366982
77438314908562667849339350156147328844603944288595348775694021917735884935535
16828421494001990644839160042544110517092443937277347642938706918714312045561
32364273381001069622024152714713563823669742142066713458971814847951405664824
6076697500265470235199349872504041986547391442643963756290931729691283331759
14141332254962541172740869129240026575002048079304612252962356852122590833311
14694737568461550311817472163374385616969367534114186737815096266805297125662
3185853676712918343195475622688678516835101827431697983811028373950852496548
42498402681197488831890406133278908951067927598363908198854202180603813683670
11009706516279508491967899420711462733977742565975001299525937084500929717292
2586630630367482540155962793573092801979872684666615516095099785931692235948
68203270666515495760713809221045697318679911245518469848498569192975055612659
67500190709316769922003546427707495120503167082254338976932976519488923684475
26205368921973531364548792458916356870498934398001742782847863919166281516103
81221539832340465382637666089258775624007712807693769101992767469252104896689
835604383097399819975440842836333688854785142363569092838774233227390909504
38817431468029342497593849860317352288804398286161709775332191244328829393090
77197374920919504219819425301178207374564193367367240705652946506666528358198
59314340425613663441501437040358422020194549911412505445435508827205869172857
20597967395800519494742814616387706568580457036487800665782924220931310291550
4526828201304614823697179357263387652258045645157213013215328074956814986437
19602557057984133942630054600557566629615505076629905738662007931868405586659
79827869530311560516261068620189455142535737829966999589586730327518822455702
19396204445000299683836730847842567069533857384225719130455126766045349538986
78596494143226192991317607696413906309005938150098073603451290913251774939989
81163674377728648546725725574949476854861295423025902558084753676294976418749
13242318683150897218538816663743650210861052051599668623119899730917440511455
67275415745321052920955229177584409595933560391217571064805248049064338700751
1106309459049081724763185988894099583364213068537867979095086498599652392225
37689061628752916724433348175584130117319501330651828337978561955688602820736
38900848777529559084583480566266039381193144459341611686328408481342936590555
32625969546976150838661092915484150266462639767241848047188512422418338268081
41783042227118734323110354227776009135906197022738029536703819820253953090568
52304336195181844445177282116046082668304381473827067929273992380777930731428
3471767670108574931433165867939347361890751735196324111856640250971343259843
51260139123480237964345687552897223160818748165275628193178539163817111412825
81654577088847896451634030792783494941850328213345046048871359687429437299144
66390033971073755349804581309402465463172541117912280995429078615215750754563
62900533719044444120800830750354375494174650995891453400417976024608309675607
4599184117152140675227535910584427921991218238958258549879339545769699336763
19003313608796208077069257272928917268401876981067862796240183832836554159936
39988584583232790042073460830753185465616245623733103567027800040914198703772
14344583615612904576235013038037114934330192201170478778445057770857670563283
50358845827700973040499793713633298707052407728833433231303331505050311028653
66653307099226986719557409301166761895603840092903940323124644853414949327981
67787569315366461536169403786721559003273492343381287800795923862378123854395
5397524684662482178797433308267464179352446622384252681588837166878331252094
12204498901776785998733289715431128809940827090151283727283268378241667587252
49470733285944739378485005205664870125366310666101258350988472851055202229513
56252072262293995453951590955145326452084969484309573783446288273152931024965
15791762642145484527176100056484491753423771038337733982482330183364700920529
22661773400813568084379345057187028303454464864437251125136137780975199808940
22996141481251194446706858001156242136969210980974316043024256474795554559514
5317112665020296953164430781414334031270036046272391467253730508602281545060
52143716116710706292079329987215031563451810658499033608683216020187987230715
35325949844089711329486810033206645587201325307608395500047629683318174428165
6221112289944853556083055702791270362826758350319074684252228078091884767839
44980023511745748389093821153383282723964955689025841669820111492983896614637
8567877134801918256492791804414756560480350707871978595202367644840952870727
73442450779171694798415775520439363111995347567290858931945575694105029818811
62491376758083474723860016509676956900761698391224141435796276592234025261655
74111412934996982349348089572162648031557701576386375812095153995969100404297
17812896156868949248165155313131551337317274310443216534747029981950290150245
35887415851914144174650015517063756834671041153038969429527128192574689212060
72773990801787444877100655606140108818698541997301015578383802040527980781249
46214227528647062142732212326648030726623493908657680450372218542849941874571
40258793332675481723789309639131474710648400370976023895940996163163592695940
25442573448298497847505275339721823974346873950141388249448236301412118689082
50829048879938648771984391998655385573260949831778248758414177639136036799243
25115103082484410317930061384057370063123114583209094316154201714164314090852
75298719933128017487933524885602157633776576013576698276960345767303615827195
36898141840300659527840547277715278441286228039420296820303509392195823142748
15038091418794791065681038838338325585243571526634598407202758316474454515316
40500024374504133862603453803065941255902258683779165846756022919990990237207
73500560098350536180578370940222713642821710120895723554107002470757396331065
47471227329224469690551148488013393186847581280690731716351362915582032283151
27243383032245199692529068872723694053101812727963424503876714490960181115885
49013540264831137201275743442191564200341431044409540881608374186148256743080
15677990893321964849056512871970327421882425029174295975327652651186176894817
6671955271946999693100495564894086328603153262695538646525580454650006887849
4072076187518410728881676117136931276901802666358863020650552007393144621256
32917039322180383072286547330025050549515970431701616867475669743081803371998
75020480430207335165132260252882006971068551565588462043575966919854092385478
27825746581043046968874838822294934346257889801377842665175197261149342401422
31896355926318544486927777499151916952541274875485993320260504861117215569585
62166903565640679941927032118852012909817878120727791248811734685617536725672
68290921865745377737214583843502056014709413870028381433163137754414864928179
12522050038933270666749844540242156047389867748900148054285909667388149106508
52496549356405858185058039092005553621061637364932093681418560146582909447500
61404845288996798850852157543962600415540745717224234163611335320835252055506
58935076818089328024188556679773601849171278643202381245178491106115221762213
32239619742372315545777811806220596723389895163581656353157491900934172806510
50770768108874631858355949141236205596274663174315474621484763293661851545167
45150345032300843248189411433212755404736107647466796068838106792523135972006
41805945952239251323569962660816360478941957429716571330749291543491299021036
25915797493124193852550597828802722189221981443591489347465917920630588562942
71141815321780058843248231741537448272571470471624098776875870477573363004278
47076139027576569219226524897670790923318438293490833853567662033952418305786
21694991465200406185673075489734717848043004991439770567055542414024166798298
12204205919669506922830332368733980574843562692429894850098356928746984535245
2268848143550884793089100996273776521835928802606949686369944358948160461333
69233669692490551987556739859311270647546073298804122463115403035067925659411
59339864684212505094385168997623869529287145678471271105615613833944956772825
62028822699108062235185166516328423408053266478837358613725047810142489749161
10767624313793112707318955789541122486682624111119674366156760529130677246258
60779947879933533853865290019715176059450871961621329248510821535912090234653
5573615939896563734848530234530088470143395062386708630966702220157527008257
63425219165680176880046622094344653755760308061536941835015382920462989562878
18086414244621192212749077343545165914668204443173957655190017011955089629316
5790722138449908101214659125668411312101602400274594836679833310320226521278
38186165415312414796316264040232562319677334403454373669862403346885441881255
10242122033297758431169721541023175290552721722994476918016899448440260011104
12508947208507332190748764191279306638332046984898595196170309594385593507765
15431332552629358016522350197593394976709246598060151366931087847729010829796
35734945043658906449868799152430721290710449977528395698160777498469700733660
16308498276160370329025503993112578728711491940835182788508638307319411363444
40641204311703724644339292186873908082046616763503544919432981358031892261534
57728507949044494669811106509153741658842708157186805986466534617609908296480
36456916053936586060663715017834921592481767381959118044176379457609810664070
15248543297508448499924483136380727202066704358991946138102864768050313001358
30279223736816942091860593141891832104461795271742400064601191239937922749134
76215712520685771098043001623625843541615804056694954323713338475403160705826
12690720814042461380367199149006201526748224505066398300652043898137803972123
15209537909710057423561572597941366447463360105449385977337205799697740008331
76674876181532507068500437249960645350642648278885605862826953287374756666987
64156501014098478079612083311839907919022709375200763867264107918098510511480
76992476779998833505253776354951237307972391734551610454012649839397609025817
5622958341769411874730769435409253228697768281805232899455396723869687904726
22423959484528652241057536436892918005558642321763047999704035185241088375232
66681905483844325074815037107008440793178595132347143118813403995812167420241
54349101394780513317205865079061506188160871221074389023965731453199812251555
62144999827077879187046134312588530466262013065936983661427565199621685247571
35513520037719958219214372233476573391118274188934363937327043856814273609629
38544218959842456104238229558283641780696787504646271628184077420469679903262
29958725202998575706317974615469011683135244197748326479349556849006003369454
26619531124040037849110104562140802331656800413554754371732402786679830633742
12653969150864194903725425583042081166069598047561700308569483458081901325057
23773637110982751065968421240395150830720460731086018248482566310421663576150
56129663252276474939820089512248488940497609582636610121086369734907631606095
52545124319168000666491565511418975570499272391423875495614567604678803688937
68923489516889282898613799068085860387595742914971026661837121632142556799927
26200510839590082168282511275743608724976935266880258274921435927831622540603
73761598347874457314797357210394108920553518003859248542656529764411480786619
57388782612937301993665001047014143887440506691896824128987955274285874070045
15421990123998609660366685776636801305876378776273992052071921264616975182012
21737242708761953946426873326447293485181967568313393773546744056420905299194
27301511129901974968078188604872768458115298709442982758365041634931825699672
60900439421862971340716121494262650910167543284528754887780566450154515712128
526602262869460297313873194090711487802413308391516317716309824388325938563
38134665517714364948249290685183527185990687994468549442070194543904550126549
69025704973912780650889609779679114055449709790930304011582704459463612177318
48856335062271053822346718567633284321561543835479850455907445442238263754735
5345553655506370861029058586255674130859994041803351635220537043564829129504
48156055855454354037225359976784659413441684530037687281829345446535472543153
3937579160321392235272245984673610801123523972889149327525865115846502762876
32861635502020607373076580148871529088944515978222482704315395100566532652051
53718884960076979042130775258900359836140546704863706366061005265809414147403
59580938901529087959326383146376314309214917137516208536000460869828637204431
38161311488292960156848862965177407134924168893449719553136675737244945468669
35757999498409803495001148160423577942823605232890361197188806876250603018963
46733662379792034135874066843053462597655562060690028053658473398476000943115
26023212356587710922426508124497231195352155331023971368000286197746161506095
19566197944580416242437386957674944285142161876797297619076928498495624011246
39025673217254415081025830657155008796961432690827806231835488529729844818786
52731624846267260185933502174235340136218154407257826921959271743086898361241
35424548034190644221846536434999319112261550575172367452034345541086318170745
52209815993860673325729288379253445445068896520626311983869008895023990149300
75203955097457890426314848871968709400864490852084013369791573671875273332978
19241116224902048709735882248181124917987684746770060326202189520246776128053
32103163124399193964876751078883251243915246951026354028540388483668332046364
17726470466747417277473553815826249299373031943229013008867124250065425865918
76720638252576305313700037830173347266721985890566041699506476541928612505777
76503772469351712996713119714217640984451277926531218522198690481410911804838
34092706947471923270665705500355459139634237459377976853465724049054188432316
73720668327408256822019588354320714311353136446734334496368963916815606625531
50934739825344076284980329299097718490726187100515609827289314101497608304313
17573992886258878834481706553796524307959103055554220198076408789464049936373
56211699307523784475139672219237232743381391551501898640597644116387898953276
58173903279814989574924423364493751014248165197922949640774019049008244978861
9960380743924903835676868175037175860941060810367014283960597776316322392461
49180238581748508551246192130197959559647313559746838922049952495594665314593
71194385478655133905758171509143924365308006090938230443522439262920795999125
73005583000493751321815274568314574061183812732904686986430108487937198024055
70169982773872073504056061966081418104456229589675197482019579173953399350151
24267225034045790812577172316126757386724080907710415105005749484515901215068
35835395728166530015762580407588939241542405084153194726357485339933336292766
13523935028235579431198151659842106719612726864001734027911179984720314823350
35771564504512006613460603116479992404013896906768560837655181161988208148845
17919136504104626277290308752092012246149536290123458574231015515904895092749
69212901232928648412444849721053223162008737166175428286159252215638942721255
73721500772617290679738508190205762585642775263386358002674924587930714910509
59143413602152871194325882759370146930497431009646209282416965694923355365566
82139471168633867441052361312422162646629367904305038085144990569114987627866
74176882503213527425738254511558980250970204732621623351125323513213346290319
32952088587930469962275256137374745521063176782999353080920446679949937157113
36582500041606498671945879286819142550797996070506737218002339231401902889625
61148705200836218773881434685264182085383545523185414033783848545790262477085
18170001107188006461783606563187798939339542660523111498771934552392876080058
30519648225581070798270012752006531034053993206988021899807517934597597009171
28615097430824789653057105464899181247077023529028636200351446699432373692449
38861734933676986103374915801686766627372808248358722146121828540569680600069
12764154439361292498777832649111305031134696357850959870251853608758724017102
29006116253484086482243840865906337084840031572516098580717656699617715077336
12340418125932277446586412543197941943674297268103219502341872437412948570165
16728837409903114364223411542801341700032302371254264424646410562779467576824
25429715573439843320523894158836151742151055478056327730821915698585079051737
69186070392000468256179020649384051321015435310490299697560062717883433838225
37908001429951115737244122826266763829178960082045886149389684054049137347753
75192743502565183727685883220436872421401542288176436926955406683092405311182
81092362392618689786057622974965036519766586673139120706164743843009047286900
62522914957204082210430658457264573400355621050303698250089738929994046100362
12052369484376659222327510868441922590802326517625015504516992197037531155705
58679375332724757561521820778085323846556700361243257047603272635663237744889
52027749767570708553705867443594559443699964682815902340957375731117992912076
65449771731979115305478413327620962149562406717741475779254164861519642598088
68852866392411090308143803619750683397397865228649991803457080824037851702778
627080151461081601377595490087630406833315228181254694643746649898070743605
7871132148968193794371937463763197605470816441767913953884958066966093201851
18256681668159152053003169061197083998760892620576846865334032206555286475101
43283435262526429790925178634127832632131247100084409382821511381709956794836
10522362791407040153985030019367626596080913384672891408873770987757228810662
9576676110029287689023345224347986392191717100221894203913023196178914738894
3545521460084667412014305108404285863946599965234663834424261678608153629684
42110459505398569503233994099155630793493981866320871060271758720271779629269
27616998945807427699258565327495909150198731963608412101622270364253427360871
5009180981772386092904379630144874617040213578686038748190310534252932944007
59754545387525508134011044399494172440516345272191974854798992270916193370676
41772296175419555821637686347076422988856476395961269536097508916679197867733
45196327528511525989685691519991200998350222451835877603049851000455148502053
9632238092148079088663895840125727646921823973714762770965713327134063915495
57769899668015745071608268619072354072734678269776874843875584777095073961744
18731740146087193568944355971932146482596534903194355031459791074587914972016
7347658328445492303882913699646768108378665853043699290361140629480699681716
27273532798504167439522179420125871574988672949255728386352251455835824115327
20697528353244939640370748043994746990456072258070196547608263094682944828848
30244064338674877244504287098913305464991266039454418720624769408337627189483
60026815218428298771044338008327555137862816053866674151098489655053216781621
70637099477524676907664353024704244611870576169065293123320163131934067080255
18929794553454579422149414752676861673304767579270949211260146214375411732302
23587428146327700979280993039083840979423578660069068536494602181400840773011
10307705329574317591426495518558404432539611240949024271710517678534789038415
28659279976282698492721115845340819806922179213874671169656942369355289836467
65059071090556231745781535942152943470864621130887599640101101766156617145459
53797486781790639700715755913581166184074303246406344338393611447601667006951
5794314329224390961889166414936041250468867667280515701522984668489142904141
82085346893291466730791833556858316599556523760356452507540721997612268240763
1256977089342373074933295454068386983136879785250459842345554282208298009872
10864775482168939945675062485740294837452060043233596182216533298726133325967
47877439277979130473493484965219696403729858635699556687905060148649024285502
5828484237289708941912248910017430434902858784592850906063742517013264769744
30310336763253906917351756312645851567923218115805095887943958830922448535226
59522364118644723580671155248476384362108132995812303952492647595791212238161
71847760131805911741088741341070797836331496109738974478946623061860815273686
73324451493849335487708220668503781411195452891745541198055755330166052447740
27409557203241574894725592288286875124124358507280588168482718674527568336911
20401306926351168781820226075644356244546459503052061964365833581286309226251
1575690224904338458860608661861553558974873512001120977047286800042566917454
45726256434086132979675068713349411016218045626515077766887723782980402346173
67831773879010628422090941627108631182043450296993488925010630482411443921000
32021988931654252898183429526254115258547742804061549487135660488326347474840
22460308148292496886569057278729183000754136287566732808584655981592418640806
50038737839639182117181064114693083439736679215294821659779291195962001289498
35810587287765095469653633059711309427679496934313496592289591637888667892370
79957421652010119727796204396096250892624541568765213351004786797890204861760
67751400692649406252194614928168205160055769045384290450838676460505063551878
49573465684440536336768866540275850005016721091663570921045680666394658154201
10482246003633916455360095150145642122278888683662624399758010017866769868850
30774389916487032515929515612686350289336067826412109325622861610062327255677
61674575764111854304190177826501293335267624122109467943910161356628921030682
13177161030034771545825215423363923322005823203375669986375599763095483118534
72501961829039450976518090397273178348040565677809385365859369843684743059361
65221494033855866037216780039176581159508564133413352262665312307339213682810
44054637250127837673193150907783395235713693069422546636043294443571476728038
81311327202102073269677314879100150199884568064323780577932115035632118333702
41764366949086333416178199239243622421054100722432687909254309490969118073346
36939198309312215349199590343133504872752026691956802453306978599531576546756
66275071104361347143027331501063562978276629253395249349248838121588388999440
54417210507152319964213985190339892904015858535890779613902363863250568299381
19929735863085564946730027935379719008400988595667749169714999262093087205465
23656546409094291388654776405489787394611619318474472644202251798178531432668
6962637082966703843584546419544782065148127651907400552401391134723058618128
18868201722372753486085822976682776820228095828096920923793639432382687970805
