[[34313485409796568056519455807079545801351258832240898917946339169957789361900, 5959490460300927273033180823100018880121874764103239651287036110248170899384], [31816220398204052707800148271603146910414224400636318901052993331140635860651, 53772865686606137014320083288961736780876072076232561213638542057260064823000]]
[[78965265463029984836664511789377352923034785027085869948249935152925321688517, 5944118694529615428830735255436955320184677074155710190326753179188478071101], [81316173642577045777116477599511622154549561268854833749214949275804819311744, 22475777344450402471689223591126303469297629959383329359104538384170034891527]]
[[21194556669525666817176116769913256040379464669695375402811947659371870844167, 6034152894963015986998696802849444892397109187846025060708653383014368436597], [8789857321165786032595104214440398917440266007707231787849059221215802199156, 78341515738116756856690968859301294711020307897034144346359430939138825244806]]
[[75940482998215310674026680882380373949584361369090943841190546341275890804281, 10273593466952989496145795159201481747611781552800853115605643554621685984446], [12183596667324415386893815229216379560292415229662300757176993075651698077893, 58385011371907426335024318126998933064751074644264566233578085588470321430121]]
[[43298743472100903391405197760595518587875548555875392903216616767103483028928, 53381608188208079349571790574606706433772072463802267793484236587053996603389], [46834129471133928066937128393831709570687127230657273439954035235815905715163, 20193942383102390998761974428342686734848991972200978267824287585283368968672]]
[[54893244707740603116631249413661927412537146201881874969359298694008232368839, 6296498712299186058619406729305463744923375663859606976061953463928824757440], [30905420550617344248301760805306851927927708521474800502239155525304191084475, 29593492393462215547998671774470789340703379608350846546976859007702769289538]]
[[2775332738102803920067493827074842684934141941081217549779965647222382317368, 63935417458764136394813106643961561016275918487408684788693014560657137802369], [21546161417897423877547291226418272357164054665207724601385955983251684737659, 8423189653933251501717844779373154806956291060964603946752809273835492650190]]
[[53937286890311975824398343207683161523560979767517174862183038076063280307419, 74209245558062431296384509282787247164091257718166426589983811950951544611442], [66067173885159861276857026063183657384856013967891853679262434104600962662885, 23013918895843886605660779300932469240296618934470187030168321479104967886613]]
[[26374237690054690110529598673868111996264361945454874465910506745973634125542, 48989152036529947597622112874621778711504144685287624940214559669833892038223], [82318400092694561851819964721171691147417188551333645774100413635811652919910, 45853670937024128952207808007427918676978175360789344896483646459985862299619]]
[[67001931129397488503850476689062619050305135515535444543937616797425759378744, 40883602931727033414322888404197044388278407556897210452275297271383034316275], [31484426633382271440340521690961146406584382551683008810367376789729763140799, 38590561970468867767314367738589946789416854967321410346076031349409099037569]]
[[41286026465942786045020925400544378186843830705211514918114002572428741638467, 55857637662082538778492210143541829605902836549485682659691352474006315213544], [32281752110003914434485937375141742032213042350069539959028205373551150729790, 4793815597144658191714652272598278307246380610750907310087326607266529098926]]
[[55348799362811885272910542979303177024548625499888411824101012006881968821708, 36700284805644307398240028790048787680439592371116209918963539657599445564934], [19138242652794308606981069763839664374669192397476927561170000813309956656354, 81811519990949516178573952464001844789740249036762621092060734705177777917122]]
[[69873578745438907337766484516784000055122979393311096563193289192373498860300, 20558727580899414279390769641907983968903202714066740310455249627584093163798], [64229277678501828458894663032632905243293629504684970657919677490733813457564, 24072430028201920557850614794244771193106468499840048073244198127131769856431]]
[[70699344444759622079174937362972887242523634790856232357567819546848341840528, 70451901247414740068865192884952838271062561400716987443496483934113376220427], [5114136826243948346575722193264720344130769565489223183616341966360522339980, 7108825585918583783423832890372213102691230881128118709679374792183080298222]]
