[72331517963654485702694801472817774074435392527828049769003871085673069308661, 67977193704052666161633229994684100243364142880852164828995536535355509704878]
[41546416148126281179090451649265596805455597672755217193560003043767600001116, 51276983742926807530355910164833179424095424272452550300929365355719736459243]
[4053691912668799394629567256800234431178511184852036293010203533053751194409, 3256614093645279837560477484132964889669583083736049254532079452909171135095]
[11320819580723747208317627231361056467906278896708487389547233606359643593666, 21714737810642998725379593675110351956396794261102527014346685966372093862765]
[32629647947472109687356087592669534141607894832251626338803786558224432581573, 33800694201631407328683350175050191650937330153489019117333132895781608526038]
[52221375403856794976311161730683828411405834475353710014911722286465297180510, 58408742853051489763130582542103357575474591250507239348668138831214316321045]
[33767517816085086384612515896027047434924575747092726204102386711458482228930, 10472319801053825135770114160701924439297091810734134042020847388477177407212]
[52528010401139577903221717020777185607884073025071493624585290413766463108410, 26858418886021786668245419839201890003610281108477270472111427584079523663242]
[47278941175187051595440228045612750482059502987581821688617554666668089394967, 44527407831167982774432683933494837337269851225307710410266855153562135282629]
[254898648117468464405240577483792957723049121145768511010230517109317932802, 2240721136444829016600852144717634785114266745537321666193587703763859892314]
[6598559173293691327865870764834598006246406750103636654104096048118370896497, 70088612737109197553803761983219861675575543004994468920165267191602164033396]
[47204520066433368749976086152614430422372358722688736700625116751938411913162, 10034060597113160824373906960073233835840748066741745286015555568391037318934]
[38660378113398752951444564437940545296773483834681849378355690301455320278762, 40237527748119053242832229597941437443617857821917767259173867618446822299686]
[72534703545205853194560215939318996945798416251468619594506577430012368315251, 80805269589483369732201361475707651262747955340047436886423085161546535091188]
[76569875067619389937873139581941479066304604938418969206417748827129732145057, 39252425395557777694487786541659291523318187866889961365178959038300835823755]
[8617324915534169583117030859449027518515491188724730805410928437093685276916, 33982283266315915240655104854490211255923213565825251337741532317760313396587]
[75999463396616292660877576453683803566130747417546613925157474988353682746476, 43661627510142207811959099331877786158810929959237897242564238742996088331320]
[26094077648700083088924947971196568564930591368200061335364003919029457525433, 39106756437447094750378813302706412415601378836114152703600558927293227421267]
[47632284834722573154153672962938987213785083018980840058963881688494443628506, 21049026871658908641088894686560748382656753624713972802692433509396231839832]
[72485828382164986411214938903919045673114912484433402437899727178044235786940, 6405855391217589003231490637130861752653357884791935111284581048618614269238]
[40261095200615136174064152145382464282692082791925692008631042503301791331960, 1934564256237833889874011955681474360344116347714471402154319608107407706701]
[16679865985554048039768217529938137024073132312783749814061872388662045843615, 70857179781740904660352301109521991313329452168271047939710722055178259088272]
[12188288903382131780945413042373044350406242352373039558617079725317658156536, 30483425632371696148332591344807779975259012744399088974878495717435227405567]
[52845087434568874544702942678194690007606472931174534456753638863401780670459, 61955902054719288110040414628391893167990729678206450930764758313263166804499]
[81430612591083066467680370064298162924333690305606419212442650459789282502700, 112510901347084228821629248894810151889985794610536027666861404445613452104]
[3270038872917701263780322661719502146016287231592848786394698609570492331438, 66087999012693205423834275101998233713196919530741179858788854062671649646577]
[71706529260565675343343967871455638294134931676870970215585640670593373644906, 13193993562498885093140393188900059376067490032391567720965370156104411015009]
[39238990154238046490114444845025055914665761682046754040966603363867005095720, 25266393669631400333762258274318570867072172130236872575681713661538443347312]
[80428980702961049911526480706433892663562792133258634078219067318412555828467, 22732803268015787255458358465848996944877187836623900926237653619033107648104]
[70781520715290598875930868465878736308585197775209000991782807032880782479718, 27460836222750897937650508748380688738450719348065225254310426530837350406069]
[70626991327867393536827383624797195223730038454368555316005398096679120246244, 3310899878227695143548064622570096025732429758325810020452506806549931955632]
[5363935017266854284685073709915131450491502053557598135069991660062091375027, 55748866446577044973047833185106272399771770626421035345513053938752814695262]
[42050584236224873093696772849822969045816187475463023471037463088008816663225, 59471780716985638539662870979054448955974238972093167388252615374417617816784]
[60141787105462415344623291012528193215102169673030597252373210507738746662007, 23505055113909158852744994119484517705987119207591248316937373529307612541422]
[53478111349813607009758161509378046636092147778305125686883037022907039406113, 79458632029829512391250532455589481923473082769624069098237849985882327109415]
[68545873391287376274680541542914783098983137029620832483790137564439212818393, 31730957702221203360608996341981363604006978841998536917417748198082412393526]
[67106161450260500432396354263748809736671728241982475046354201281947547312856, 52880139808784033121257301680492291192562353629542700497408046394057045613664]
[18939551279870552240677872086554680403063956021853306596035612938806589909835, 52983257737665732253751545029722375684306603557443320185755711241964771124872]
[51798544782271538540366799936893890569596013051101903293008998696334613142802, 69310563552121100387313190789607637050105692697584936835167064321103459118944]
[15855411690538633131841494047268411238519744371917447362595542946641035640697, 60640525468090167735841597603807347387944305770440911800051362937143174760102]
[9823113268269937186172903088200190134297684080458999580032765861574973598172, 68486946736686953560334718213227392371978051041328541637862049987729013203974]
[67055822815302876854588948179349592338278084409483980576776930082167285285401, 6282338733922316650026253182760042575793451590232629631915498360323683645212]
[24348805092913848865402117563783235353635409015219706389015764368620209852965, 81768615136067523646831198310115852796595348845058414869981991995604532760708]
[49288820030800976023591586611644402716426175257311762904207351163269525808061, 33333293669467268712283117364085174647454615955860015898387712494024708585314]
[76095590257356116351721709269851204178696798710835287188053004368812754569545, 1849926126460342697907149631548982417999183814763056058284206664682518084937]
[37483382297612066926485808110360358207915051703123385967119412355145833926600, 19600165493507669481748638392048985572530480804956738336339610473420818453728]
[62352665096029449132144974266947639837518931500428710567402815327733781095925, 4864313837596671839251697258149574538207008182234160618306540811640424573896]
[33259604456744499881716984639872950642353101723333844194223778344885081035485, 29448267913207635623704036086709759106343641719267852933866844197231626095461]
[3634427498002166020926955446695809464938017289635735607774625470441168803761, 2477512807225843190729724654188387608812529355148074775228628121815279906730]
[7702802576226601876562762108683158242132342806499452153815473893331729814888, 60240250087231967007153808424846505382951376509789796531339060679305756829711]
[20896645199085785396411264786837534734488688192017559625197587737794350578749, 30445194717361934891648112373607157407432994988524919814328838625459670809597]
[60992479862306265000640960576078108295205611240177328569796946229824932230686, 7527066631871336428836325771472259756614604196945812434980541596265970007174]
[20277183498404252560242478932251578330249771738512642305980716916609812709898, 25212144634895914664477132501060237466520380523398959186064131542398715063679]
[9475328860511214084905903735575581433003180227066331110764265338419014231268, 13901290619206776536950692531834159918942940089454297017104848701431724918432]
[72950918833010984358800657767791261914020289519551534146509788357267290883040, 21313212044164621902628640319905328547228394064303717833920868538229335002561]
[33891334692357857480669120060547586709784166363438101440053226968339681375230, 18800911292233020356873619143481904401566371594667771618497312823498215375151]
[66103927638552310034890891842211313928275004359448077527686454102565711015886, 76712488141528925017078687566291847228925285831497587002104308980807821925628]
[41679142823612568082516151611862761599867357275983867365913821410168423374240, 52461379391823386668975879402417936809963032085182148072748517225569476512617]
[60506195353962243174306852348945433415107210122110867701450016937507143547408, 60260620478036640380357947579015707501864251430980284981640471754485159135849]
[7842185495973780234597250557867272880679850541062818805583091329227832182868, 3358676902488072592247060337399874732075965534246273721928002245337091539657]
[74188556757038852727357803367366581000081346028344251548478960265445496666756, 48202967267702306537105120715878564604733212141568677487644714704373548031605]
[36905970858257804066205479883644485123464280148971309294286152141106736994821, 66047375976099863170456171781703349375658742348672045010437738563489856812116]
[52913047754887729355368541445745394149530107496522403236667388300503997043001, 32626720139243506650178976600999646561346178576070534123841835577026867880475]
[7934204740628317152839211140304643528417949525165605321567958342885956002063, 45347756259272551366748354752996877511861721754330776113606070136120593660275]
[79548951375274939365586689942371430046320520222224117850738161362345376397264, 60262594980094779188349912501697187599349664441581212477834614695953009235560]
[23390389514501899112739359159018650845767601342417443858886529003208196421264, 26398377307894759868179361659774791007443731852232426544579973198753326803438]
[70640139114860146645811129240296269941068291259418754523603891067352617056543, 37984958507637425616541548037392851676198333182637805257775477961538401362492]
[68303171166661276226966006317417286711720429554096423646685690869340210747780, 42191918369335509483674790343355716102489912063723980730069316905516116488354]
[17846010351835290475450075776952211022555760475958070716209956483438157609828, 43487669629231587726242252214894475528571609828437847899499185618374635196305]
[55188804541948773174566907707735803086837203839452593035136689471152650959885, 6093644605467587445560581673242703316012373010393933701472051321775386004900]
[39564264734836395840197099476090722976785387644251369441748161778398434900887, 79400114972011693913384252031800400115448445826374958596296963178355081721947]
[5188228337098049224884745978840492935157872559602930778359307526423472973756, 53927010876479355142332845286751923407769992776361647444958904530169260950636]
[29380621647465334380431471599543027134481299503018520450781563654981146715543, 62851360208334985382138850307900098197665270729474224061601609858383237537910]
[16644283981517520531086758960782581876095583814189789960782300698306889581030, 72474608635411356669556542525414897549303764052001022187458715192413531902241]
[82305724616355042986645357900248455185217598129544852727395911772252661299439, 78241428765360308091033603185198001637264626467164706670134921403436104963233]
[51024588236973506112531455544994183308201362497243657441516884818731373708873, 32623849567138828853469972287093073134476550240882672983051437813160672808358]
[81703448910239935669466141973944095169892337978193296882474270850600797281222, 69921858341038860566993391658531859314529904951281177546099561680082076320235]
[61637170580249390770623489723300587231598674690655869990762985490674885348246, 51349935461257431120238575348886222537607902567040221952089633238458112209089]
[18810810402412755979186227778350482799584636805146823234408496663924368838076, 18845517210290652819308958058611494320003937587368852558813487629593120831092]
[20377459268426008909445187523021022621388683245750179525086027820187605425316, 42885131720541939139660612287266765494983728640464104586624116276704173955105]
[48995022738073814594662847821177515856560275458716480940230868473017866773969, 5073367181812218031652677808725561152450149636126536939945108576599245911073]
[35370604991877094454698853598004784436879416001365834433576471653103689410771, 31006882006766803027236231591169605730178817470429584011742553082342240760420]
[56825407332711375094365007415669962549223489752415412366560932670982096760949, 45875071413329536979076316137405959726378373260295036550311898527817411214871]
[34237038870520202796936339234467126660581275670530474224356942225304496025741, 73013718819466344009107245330239295394073192717975098495686982038350872053000]
[56315080600440901629901271887460575453451933494371440054886000867776786376488, 57227778058578732225763881802003057929194684349374729427171097162304509449591]
[77948322783329524341875078306079777012583091494448180099327534784823084445438, 42865327093005424932540545271970873369313089793925133513613146288755167605048]
[34218065944964826456860042343404233867427998617645194956830929145690576243691, 7113224948103590266523192101221790767858890183050845630038650921363009345176]
[44289417635784614355019129418874237926141103122922184595916790268221001869909, 61811754670025748754742534164401688928008478223499680924498177857791090068928]
[25791170159960338936841948806984643402363770065232150646578169173926016489563, 31134445859689171784762586418616976699431572247751511749173710352993724881027]
[15979840670180561060784514922973465490060382606905189290127034895769048446361, 54155565670001416048139065897757704183913753137924046202878321709790306232453]
[52644949958844162410783151667471956170756049888221190348841355678784837443860, 74407407984163958902716132841999345496476608265541120821681810826645037225056]
[637081851638660967193509312189350089383092168377101274309164921750814471290, 67476692054314121815227119250469612269339174000918944814493371757983793636108]
[11405843746183581348146189990810945793516621792358276592249166839727597636573, 19129772128998995053304141037396997604645871828039910935108601717019282150828]
[38325541786709893459347167496072936470095133632902525556311662433679025435900, 75152877099791223426325982472947792276492979459048883596330249070596036510251]
[16306415293261156031807058563985617880967047175460042052780002044068686368259, 43026584501023854888104348666004996612205592856819550055065731091981790185626]
[14526767899937204895540692578763325141920969879773273135370682096301078822745, 53157574376464968566831244474466210046949434571694223075366518834064803924139]
[41539855079812163162761865200605232392823964445568289888946729819968186616761, 6891639741848137413131115076249944291345022953010633472593252509621255217422]
[24320921533197149553726400699045164419285411758851732697148744633984292963565, 71026958971924600625091700301683584143304316444890012787642248441818135124597]
[24626152976374141251301159936280821223413752261485741586222890644512567173772, 21328696017282704562970419669329384921007486583249906347700833304340776040737]
[14610857105295550777186921688427462450426563373049180568733051087724568043768, 27487142410205583026333985336450070548488586296745157100370563666775497463899]
[35053710216965430953728760107739631375539231428058173359498267294687784239105, 37341998133790540407085472596925468554071263926551174557840075927077129653004]
[78716270621073962115165001512882575982662609547788936141203726543882968336811, 78908211430087007616245354469629764453535277352256604283611772278774442603771]
[81855093741665201138124707753301257218521910170239080647517496986952088963138, 26410333430463919427719626634170286701468834459465484239731869235172652743492]
[43193199317849145978216948111041059796265742094248589963979915862642803825155, 17422787370115608186248824653445893612734464352463617453918384217108931758658]
[33959364287699345128436156464437755087317048753181119958112812203557161349327, 28529187128081412388894163336818745097152928717005682178123241282952758176839]
[32888888163110902767081424911576685434624999172674295718154488062717264211603, 58108609381137719062940879213686271825395602089353357052252476459539316822568]
[64868063092393673404742360535176029214012301375465131542720344467964026658542, 48637064595491882078280714258240668729539967175557994612074056013841600550102]
[52251966322791382959110942414567272060492393663652546593031404838085241880964, 73913321610908218946856378943316400504050611514533965389928195094418501582844]
[64070822595326086462717190180674986003807979546433577116888760366970818970955, 18582019973533688329392765462248540784115251626145400955880569136095176557466]
[17921022747207051419358205764139487635747680771700990614190194162315087397054, 25109963955185349535505347151226703257910021693163700411928412810878541024149]
[17837261423402502312711793179514944546510539782854488567133225917931973183062, 35228882662661453898315283126467185509843355962751896509015463198647532573154]
[30177244810120843020670727982223062494758027437319983750828828247208202355500, 198597349795435766784325290026515581104575926463694268975509233249885576044]
[24252294839294719672391418464413244162315238452565578768006957274072664799272, 16380718268307653222036706980335682244859919821860576970139342381100004643423]
[78082351845199646593239407446251863792999764443745000845944173953598045254910, 32775465759314769040814455449361874405686226355052629199369316500672347748943]
[25943878672891187479334370049581852387526256567703702465516982745345218856251, 73039049937270469816122651360739000463692756690257914912694298376791085766584]
[13947915791489148353815250027947051141273939962829762544517842265084047635618, 55229793870064943562433157741227449315633345677595965620777611580506898557648]
[32673139763411697304914298844834626160552446897704814934002548197868193248859, 13559152036757286950216612718469522119775999777829290426913658590481634475656]
[54495581060076166728783793443065953098318140497322619169354274126712295728951, 51054505992622078040642156440895436548684123328810012465831753130351484139834]
[55486416395161615693156575806819549820041980062525733102169426111660448065227, 60821921294118001656945330554038256253326089473166853223630010586295267888925]
[468569839574978390316162866904641772859719419425121956923073431966445859633, 79676100107229357393126302776708332583714529308785470506778085322730847588155]
[36371888203809738926342708531723438980385852578820100352618855041690299374539, 62328240993583883991322807346772133039766911899600146108389569121467669583181]
[79565762539326777721419209418456170904247827616997291295988231199106755096376, 25867134924138702365679592762168204149476168953710524263160555417718852110052]
[21003621553335745922919655996547617095063481997358622556683114714303522406148, 77897885446193358611868215674180894798302200691619226237183715371197364747551]
[3957852953794620416939430461347418719263717260910997338236817664000214843614, 76583308355858847456464351872030998516758024517957127153681148839991466196151]
[62838012260138512277897568396209063538437076153930616809613416068765048884216, 29954441616674907352092955103889742950175277658435769679852911021317539935524]
[40606262682457662853921773538367254571798022178006183543527336649112745391441, 48981484195152955926595478191435635263822661321613427661484269137769174885376]
[76287796115518085325478939627350536673483246222763157773859457304364483336833, 12933599192460207054629239583140229382073273940345454588422812083218274556236]
[40981630994024747081039637407070003622904609001265585232601670295081639756652, 60254051269553153888477109962465002118849944157427147852398075167579070800614]
[50924830523923259290286912960727664915999784282633158165557140800860584780472, 54889830449508380197179043742843933816146257542188982458443334285458450417995]
[45927578625004175115270662467422686096645860418697664886716321420428514965905, 20555282835781290445633959373473252023826763328950321823761075976280676774887]
[29739969933153442866303152372391415274106320572475834781933370218940915347027, 40267538407593818330982995305261615875488164366074307497301270130604845443176]
[40796859052022470686583324784208908146849485183540496368792821453556404668290, 30861575395593759114165361315123578708624807938661482414330782890330058027693]
[60703322555487697415816658192775255931400950919831714252960236151353731872205, 55990046239000809121482748387036428377298618228758207393313084630418991195813]
[65365365428772746107490054970055426965846356310063930205854219797182623781545, 7957750692417564605112809819179637900980286674952005936221000122762880067172]
[47945255047042930129260556046312445585305888561516162773332680947583374656068, 68944897560394001793784393371904245531005379003497796868851406806724585598184]
[6714378806520592697337167402609594595500417478041768008713465347072806832617, 58750045517245127348705291941958100545292838171775646852124175013121315463783]
[56837698705888387390629403139311667427378641408885049833763652023190244059602, 36288960272404511471786414542858523847330024214519775176005871904213314044072]
[79032345325662676273395724348819571136508088510093928181268538204136261544796, 20099368494152611356698506841001651575078007855843218107484045610735280501971]
[38627927802026024110718707459154911333125476922132447142170328828066322321577, 42170413607846211524950810810190264341015728382832724861014887296198761364313]
[7024485288165503734129638675427676820935137593025809143157163161444547819933, 15058082543264687364104826803273786697181188133291508570341610014553530331297]
[33518933979145799238486169268388337364037283324562895535000221427488990259974, 67803086309878979126005550002352183543132223158775017470035425194928567774868]
[47484533377386378235286350800014051014541374732915738565222051726976655016621, 4550673690823557716252965874328584037130603488797118081878377584092772647579]
[64833082226911872224404060304494026427676704704077829443899244531360870376335, 18937141490613063288199570790696395692228019578774825339172945808438865730031]
[45192769912594807015313266983541705543864488066772193778634497690734106889984, 36045479726083552523906339694805359776734392603381101089528311837423856293358]
[80863913711754364009939109906695901334512222120573111149246788767413834751079, 76361189133214275718809807065901044388251700384317925781554207487860621850705]
[50365735464918957358304949966930913310699468347238184169293901288062147895302, 28823906024486340920611821740912634281112847718045840746046919261863098311790]
[72264354436330387275286707064932731099857269719846930804228665880339801677941, 62569579621862755746981783916960043109737938726122588245537620126200841486533]
[6123167851260800411876098452249130353622644739676612694768652801321354107766, 16096348998886331751720094991297550140493169829551743750534793234095744016293]
[39866174554862604462774473203759184235490996278707933799799274814167604348989, 37364916659791165438519497041693917700871838368604965709939582036885849656240]
[65349919232651364966050437187911723733142804935098504360556190719763612130179, 72224907233591945011574777211711518937678035399268113285383586386762636668704]
[1513182782105762122688272471803946231793539503125129127049133160738926943604, 12459463637473508833683796200970901156971723826423101285171541234928762089504]
[53135365596639177592444949259413996633119253885079192738512898827942530857970, 76516073058026030584173721673893449966494394670442804384549999669174790461204]
[76572087855397814363275810323226317653588771521630714721735792716923193441485, 2087419024372489220969583694386065119324112984380239409496115363786027820497]
[28036573284019622284695914440797512032507687684064526966721773196582784507427, 41851490803895183513417578983473445472747335946831579109516234691790123543685]
[36807603996633741676070465879314710444959955948573988673486173802649221194182, 17760032067846825255443117021382202833125957631118484939212777137015612831673]
[3270879847576114419305563341051252753099876956460829978035596739928971031949, 5489283473238826779071451710878504352553746144500986294489484364044003375091]
[76281276736558696783804270526745606213726508293892950414360973082976616433860, 22270505251833151765050027931199436529047387024375680289679981907306342135848]
[16220098417392412826640239468920360789416951000611925045786339530850617098448, 31101948772820945674382158793568138025266471481455339144886106174787286854948]
[42687975035622795112680742647240955304543485760061655936476342371106943966317, 12443150277683898925399343209176035764891503753128998134060065188209532998140]
[16502098087159137602994716188142391502760294751071633325383559461010179021423, 40133167806180942169185576240341098563538827270345074188231200813449298418506]
[37122573500042196818044569192929150990761952757057944165674725942039343466794, 77009184433474117576508400471924448577488426542492536824027597871902273061038]
[54782181689161427207606539822134260360334238458239166402555200174895436305649, 23454765877512181841486559206132481902891494162140307976542039551196655768532]
[2030726242927508974157708619520712709983191206186618610624732514285330778220, 48036465471557724827333561677452992911893103913064058190636183789578915795581]
[70600851301588383817930617199046858517471735857186912135348227918568592777254, 45279209386582913069900723333119915983787244055437899438176075487333523433795]
[35481607103208026370540657235688965782155327625355311172910606916249444762581, 1312021260668879878047661774842992952521017729008930566296831279589584774867]
[51840372777987757651136843617658409694226988149908294710310782877494681016336, 66477277754504591955458858288460932309014398337332619132008649767254878712963]
[40583318334282015744433630519782811898859405171797031342285381963311663588385, 71120636453471149487534036305559270838424678871777041674763415691662524281230]
[32549491431841167188462964075431707266129848404328759297475554322178751512287, 13201713299080848879509680608601028619185414213612131421253014864811843250556]
[36825173577213825707131862374422991447566192945395691987084754975990486526184, 22025915371220088442003749761618896153013073017921795333650072802896561238072]
[54246677084039660947990313374987999240909255308220520992702376923193066067161, 75335100606057212678844902226988751786206822583929929955318031266986048435426]
[28287761338633594895813709653135587636454785563669208722510969441211925467713, 1409810301726317341680822790584298640620825586835716089633987775810547070288]
[4228884060991372842535937474800242967663944737785385051338728646830742053981, 63410541970414959832317753354638354450172929196268469218599554713927881224419]
[42090028432531327915245614796266671944534394153031563949373770916063656143724, 69464935083124855805430967376024681884765277342685617943899616367195992261766]
[59117583291711285385491143322114268066160739688964782788489857191090126244315, 63791571339486157478863356362100194207261363361025742415990572978244728419362]
[51792257954217907575531098931727441779233080927570038891615132343827912190823, 70031247319415940273780127803898650848291418437984708107033919653106521041336]
[17963713713147968078887252262183403389176585193688013957084453439461406049911, 52047103398737947505344205577480957441371466603060393920360081611251451063395]
[31868148858840324185313132100302929102308729576066032473906350590957374646716, 58485483946339664480248414512428468719392018583630957554172891650909180982471]
[78187835447908583302030361501041682216703050087561031162678346929521412318827, 13755228429396809708705190352397992266008433116632083663765459589087604327966]
[73006910216455167119703398517251357533004680778084362700625245322512578007510, 14546915087094689216796850340228142773741367175793135345821579935928596048405]
[67687283320653899663331061391977889386056118913474456826362655711226521103479, 49251161542867688219986813947465940739960371830786931486635414723334037494063]
[766108288817710837443896296130778673426133883445059216848898435109568361843, 43934511938615310945199917689732233298441479541002712742519750673857049111182]
[22023356164000160261158782058391882935264406547272635704806997473103930466917, 15949656798774280566303991399344208439174002282468654988445616010391943832266]
[14317498578995422474549939868109332251639082125251827537814420520938057167175, 39497754528140990282815961690856302826166323036276671721587752581674357410132]
[71892963516566777011938137655829072849189443743127884046686950692450797756637, 46965367312203863996244523376133364190331745032547850321532194817006206987736]
[13218856329505404693943021257071093338536720114748994755405623058143884049104, 19897230014388275373596899466474459309267487009665274844834582720243376701402]
[21806273618005454953458319423376746231168046408595870935106200828873727826180, 62186626995632895271234218613214812088545045780131121142956390941741661570473]
[10960200049212549852158230387815188086635218369233449764263839636016613202802, 13150426833755063455812320474305418933428050365120445606733891684107314208660]
[80496331644536849813451106291157129774344772007147947966334725132821588367680, 7574781323921884545219374488859265865431972752905826709333997684294818735309]
[66706344786944321003978287473107985397367722519081483399142178964012636851055, 33462049030798666558570052814394370605361132674841072740898990291605999854657]
[74156254595697231800913774424137236822340990993250060939310291219874595557683, 36190450000370699309801675583359419647367166112768926151370551076188660741728]
[26037783455701260251954846241462596190770330239004869726659271625687748258861, 52972579169912714529453357540415531990373873679700911768983132477754151124354]
[82201926314196839969696657453607220750489416095721061083700822389555096785878, 13457555324656636887868258022262654265017764185062448756259831862676862184654]
[40612737727754539469466650405400889895021010379563755501148532179064765415967, 75375960193802316254559277839469425774219822540157803936714683879444555270090]
[67371647797263520955605677799871375494024055765078315481126487361957264943568, 60517597947454299072448699034725924806177457223256050561639572352243534862105]
[37965893287310486351490535733156560111392244646409446411908579910381466890766, 15089976342440525665174721935952642399576133440514624300849727432982223354490]
[45797627069955048563133612601624958018072968167411100923798520107707508510908, 45917627817809474756125815493366713411664173643091953521339163481720418759185]
[13753963764279421046977707741019191548356038356400210819439394895294557068639, 79475686671719165273801362697500651170562446724705645995122259606723735004802]
[19674488068534673941457077233820113878930678045375653040148377237980137789494, 47419671117650762213562374580424025773403105265310309332769490654197015595032]
[79976850569609211526241518264378097517088583675247457855075499285327495744118, 2361639978987706738988655169891182370591480644847437438001820724782985438550]
[68462763109922719961548801046204183013182831391684664880016660812555138611219, 44171959113994265806814915772514007245649796368160112871512491651237260835467]
[18789279525778029700455022725080806058822547552263238820872572491557268441436, 56616367549120200552588619343213450051532370720009041610976266259168375211418]
[80139759660004306167995753751408928524022082853419776611643205571461489890060, 59077201108796220672733967761135752837482423541598433987875002366181006290617]
[56264527864533036187797651336692315938418255735935666663344312100764791782689, 38726294826354774794320962713236217417437122528208523537004584675802152039224]
[43791127298896163566120261860273057515366264263260106539010509102407433517507, 26416344131654768215365059675118039261135721186713474795144134454386627006776]
[73888745080544319366310659914540728721308451238234587702854047889917023289471, 50376798683821307847925757829387268915258181753275403616509149367568002711946]
[32151457584074949096338239812519967008159905518393980534321134035595997734657, 65616667676657173686518720727224685014129995298185170250343646158092389912279]
[26738260617092398693918694346570877978579293571759146764990587622724796321749, 19168092675320371718070142184526378456824163807774729925206190364612707088027]
[61684509101744355468538492098771947320378168601727883262158090426289118297888, 68976217803746868174438447556862497872748776269879890321513755389274378053202]
[42978151241039323214790959130063993983256549051636504231851096328342607859756, 39068249327596665111276639597785258179130096862796965569015635895639945408776]
[48364103673512398629103553871367022153892698192686677697665909902918889512600, 73412274860896275769786513201965139672540064626681096740938652345288907305898]
[81091448712593347673168938285295798823303959353591874690015507132420873861240, 67161248351099039691231205283990389956266647136194846882718603878496224854982]
[11469027108056660829898882211670688624877840970314740186953871409124824011284, 59058026035777127280505933648070771984517331993904858855172526123400384666877]
[9491481253696664552444325454665347683783203014331904738391986584989930811632, 40572130311860348831159597499971496354365271805341347816179512015048136033579]
[22086737560466530499116342025791909206005827842887274129167838923451929812984, 13121990498059586020289043725043006414301230979952172218136349036933412889693]
[46260148050827189542298633378783430063256319167556325225811694693337400447401, 67723853168901036336818368763739552845864983627614948638865876002482210982768]
[20952538180325792914915840750772582011811542497621705786781060614313687139277, 29164742227331964900124922564382325721400847032666864627837315775314949389410]
[70032716578910584935530177670565892027999065947369532053521614247252532550643, 74412921187933963107584328708116574740889276825800263555520206693737555970495]
[29896338510922756754642394867259407450459765532180291365491636092374684240298, 54912315021169143934467470190724057040325048780745079798745646256558973706819]
[80200110462232235385407440815044506606012083214228925163950372195264887941422, 19383755370613734619671400998909896917811765152189086798112263127750370148523]
[59024042331111729568556422017286747411982337013010922799045674055700712702511, 9195204639003316601033279906752560324676535293833068411993053801093794570872]
[30785858593434359900410260923429772116760156120987262155447262120058593517204, 82208906236125819605250292788693292533685494842429661695556152358468435691041]
[52968990105783231735138548092797463063625823480895756830195429163865877499840, 12466498042422890247539375196739016522189395733523105759431575016078598085584]
[21273316343291572895626416904310986746980185215425320727260248144410414428245, 21352428539210249076621303161469653985003100483513026639990636496014736538681]
[28813161347411876571255288107176361533780520294329911378152716752949254187154, 29407583327205935094996180456306840200435690353404612297242618997532324268024]
[1806474734810189706143859795510313902381778230275134575825394291563908808271, 36203197025502883918385016047331100584663656451186553595698680299330167622376]
[37382374155689400816137119133114147689421018025755682277906359425034292535143, 986237036965666086442675810245069189173588200951175115332390746295612659858]
[62718282339541822496853473861833532724932854373829978419267456507087549000512, 43956365965212431568507146768546434673866271302483001908372828029290067921492]
[23580611256874938042472770643630581376252439501597368750217502677652321864190, 5754474628905573605827439249790277340205872264319204176702919560114020314829]
[57473135460357020733918796693350319842225454700918131663678206633256356895712, 9693700132396944019539728548683336085116609406005515011690358816511187338426]
[29986018874982994420957674486055693563625188514576431245183636931844980893439, 48840304537583279534334650044523556797307844350299422919467985302779551006976]
[37747987936832023721389251492082294344737854399900402728432496886850836586446, 9941717178188850762826296334141176244016365033241421518838849847339010396679]
[49430150800109305129333109637253010505761400294364691143874601478275410911077, 32341770719899835934692294479238481036086508985406409376070987438627724685958]
[53832397217032350467191306967801361664499218803159635145542094253929777794258, 78800418094829297664458925299862685883032596763155264031634414527650598307942]
[38670063993052772922087775365277825194389216249751617387242196364726324359348, 10000996830044830177516736021431401078939186116610731378006826304376121957073]
[26241114918418249184696706544720924545873702131181530669216445726741455754564, 70234725425902270029343265305404095987500272320893742651206514588091756562531]
[77055718611644655577087735022206791674521203550477000831274078938947555869500, 34183858860698313269368971848675994702596352565132122680162032343207215776334]
[50950273741671341815912700830865846604098627625158142665808659670124706087906, 62017583103816113682630613724574549225592978565577029978818405967977929070697]
[40755189900402043196823048742354000412669911537450006080641612969684851836821, 15139707156402751478678785778222080092881072130136949969190989412522583417500]
[32340035058796103394267184752415726455972434660460286913994680498988216087308, 71762470530731377949074926070345078166795359090438845937861402006384376785115]
[69284033576701251569372987988038639916801639874034369658656812564502847580406, 25195103232465217776361740314501514142922534645850370056759619566955834775158]
[14981419880211948788265963764315109559476930944299794515505384666830158042815, 42333090650240872625437114825640316653015581656925471034519580060820729178076]
[9354880376478233986947538776824443593277101803405054589282638906509314860961, 45204650631467136025626783618581637440746449573169528160639440768722792130379]
[68457799349237138162997166334344341242553674602284589610625563411248184826860, 75860307058195367493037579289835841026159306803270290138912793226496127442866]
[14088949649655976497438592619879200863657844530454617172804780463734624510455, 52321485253393787193631325372469969301129578297486976023805583203574123995825]
[28256067215957778905729853781453216323845947167622358206299499666153203955080, 20408128500340643827705561251644754047297636320413643826791951320146588205516]
[47786635620494689118287953356823418940831041357557425368950613607818665538926, 38286578168967420252094443106902848894560785315683896906224431429745351980979]
[38425053233825244462363212566392353770444880790716515492427322509226147784324, 71517616489937465440126064969234061674061260723071096731893608718641474660734]
[27211505631061469283833449102474089987568034424211128618034103583007731705320, 40309450267189039504871890855209410719919787198668862166189070203992205675116]
[29132776709293100293329167975375397393022094883289326270879468879224966458930, 15389129891050771945719171660509979067454552474176582262610315416367312257609]
[11837892538527738570669998532310452857307442238867061693820508620040256901039, 52977411332280960833718597459220062980633417800078707306779138545679368444224]
[61016914695875771931113637172030119716173864155007706271191187584124889267587, 15446770660804515382034402878565578967482373535729155547879413883144149194382]
[4880222086169868575206074069167366552562607928803228428839841983446904053923, 6581462284899019539633139460988878810658977116614144773964702962435871272820]
[66941309622143199237893119682046273081116326527312470886984475876868188515417, 38925794234913876120257169105275856563062508243198572061325116820523595616968]
[62760948374699117552797217382919495787551281213239110279760252009011124297278, 7508573980637686705783102731305738986279834333817913119058047000610301448097]
[33548519996888949207041818680274056608235757613565624351694115728137842544181, 6965833649863660097085483944261188838713209662403039916246176315258172651967]
[72284629101059897389774266843040469148653381708253124165912225778032570204643, 59475018065507208538937616280513295727182658873742343274374228553061828547002]
[18393705306097945484924040091604936625144753366951961982021844941867361119189, 6319689117433975080853156488052746661006526663077974405289878936645463341929]
[1496861094006884853268346620957887119589010747302238114073915849224688199024, 74554102357892249571963569173877918225535047080890456990114937695923299832119]
[66780208540391097798093846194459491934675935026709763999564973914333401271846, 14609813192433010218810356789025545457949174507104113023162698920349178756348]
[13112737660935912960713817877084800768545233349702216366872838711666413564750, 51418803047652533668012952709332923214712762031471711915180994234157197050722]
[9276968928442148302028453968732797611147400302487219029473350788812141789753, 49529035275183451245466885525453392321337179769453277531105691398135861567048]
[4019105116936618467131345635394239926459169428972879639774412762714303451938, 36597423680785929580116035543168328687808700978848101153907886564355261389134]
[60477272050978237485815810635427186767793640028737985253496379889576827066087, 19116853811011164891801875030659374133832187929000281268365137951787741087963]
[69710156289852647296307055344512889006936619806005783428507652990908709575586, 34746690155901416628300122765690016981942116197723594635372835636573461506446]
[77411320371420347769400421398926908180074035293343980552944900792746981792848, 37840866676488231225093837946834236696566554844723562957522766276254548150554]
[31699398768127713444609638065111466460811234790435269039261990470426732473895, 1968547751691824796246600777194317198253114708727891953480491046825946475207]
[18283319242459955165580753296207561301076588497230478943640034022203726936275, 9578293213647631474548868499796605615608161513044816487875922902724856309015]
[10667317371303756806541664719216389676459372470761077168626849315381102578845, 15412489874161546169743139671007716069885275280182629639583780037575588464090]
[45512492906176054267002905588108731027630385432520479546697713952943074655832, 53718862377925720222382588099506485630099350600808585384126957616069908831525]
[75987769649576637398273504952303218633397892286016553111153792852701800973989, 9962711448782695472400922181681257215345761129732977948818774614698451566180]
[767510808342666314940523834473892968991245550710779664953343491891178964330, 67199952044677855261298471399387391105662181999171386102608004027590489830764]
[51204223153351027914991071597360566453855004527440871920948716345756471129584, 65204019477966636409633704105647479338291428472542021467532562765298616600258]
[38171239098311845960481196594180882020010770466844148336578733150991821732713, 22005100610623302055733773757666184270604781490680914378983723449035369525265]
[3005837869369043191461575061481190462288697463676080484118055670716694560745, 6570657994350746487514701560669633237208121175797131074333542774259264190102]
[75536578093508923308536807970739931597032436967825509244949705891953872275575, 3959419839648157266108905264043357179511881195775876783773813913029603595873]
[50355441736539647324086178867425810338915648705718337021863891760542160524601, 55457423312630251521666300472906897965957717610472165023576485236930202065039]
[78653835640237707010016211356744071951479042330549190076245055167407219692731, 62758193406889740068779466893142901108902547636230061387273943173513086560871]
[24401779355918128206086286524534198115361524461228018376714924979166517772686, 42926824107319586288551670965471446919580135293681761630339132248205460710767]
[62406717002483469636150230667576482323883235721115175336760917861170395465705, 72904265640500577965881066144783326695945129891724839359984078634927522842092]
[12234791958486726525564014823487212858210310622803381416859440808160500112361, 21693687900490004527353873000735655328726036873694595831772791439455745945969]
[25614314975213703964941571168503248285972931386591998895111203826351893584641, 8165830992771064258215048457776960539751253939635692598643908640178151970464]
[3327750119032190581182336392427188652228027289739734680060622330073845666262, 53126016954929560585731401627731626005052750277809628422627689173173150565700]
[28996410996328473723044832614191178661935850425725239875854009533951581138682, 37620446825973380941970745888486841271141803112199822943145311459068933850430]
[8778387273605716042846550326013941477863388939810099094901843057635830776835, 80680334528694418411821080579795278531645621920444813930971388932873157740995]
[4416705211574677094072917197819362415673797062241170088271209157760313078788, 75694909984819519272261393181238515688096756450011868455925567474642579514536]
[26376006080038694905343707690395596929563965846210290380705997869406646052366, 75860571097870414854671289539071896245881192412815999853376869418046998977152]
[8537994070040417631782707027695109551510953789485934087486055081690786261710, 47884729602680425061419417836053527728468943997439854599129082298811378065013]
[34784617869367451699222549472724227939886567426160028297124095526413429317438, 21351893583366421137877173927382466447097449569169494441034161031835288255048]
[7482887928055784653794416003926134422530385156193313241261227923577997819283, 3123298950894371972772002122543124337261285648019662945882275067423040308678]
[39385039845866181462516387693650194027611553358271536024159847482844043213075, 36331409381189907499148225769395240742095782386632742495777795231946713168022]
[38687519223682550265500931220001343125961580123406415152373574855590087204830, 59038767479695030524626658189156249783117585254982073749827176226424005587170]
[3091338186283549251015024193106648902011348127590300460521275748289963956695, 59143509622135959601008253311209148346785519927035661089247279854885715053201]
[66005491361603280817320545955768185111003129505150523152793429573841385390750, 61662276783001538435087332431720744021348691246238557381166154222813853396367]
[48531116103813860661040705645660456496196691142720735076828514694120623965207, 36564879912911668800325490207051639669203096096439150582562438315790099500740]
[47014578740434406540035139661369646577447178885076872114367320325572759438461, 12515008528159939525115813933711292573496094827698792718028818688221823169455]
[36379507981431286305956334712548442432043890239943459735574391806476582009853, 42418943276869879321334905796335511819176492640438945524309229267996059657411]
[34364564101703605668860876858600818175133924815844274808868668351189261091453, 43936528988597905660753985375341480190208616632393317678528893845471064131284]
[36888340473826794468096076977360054104852198873534061119520399469791529146924, 30453084244221151162402674590799802426396053249963091800777780392879950405988]
[56958318658035806465767868878894856175171327965303450494198429189274450212454, 23213883793976560649934594958714705628410536375487592181647989036960371749763]
[35227642172272332690800303466399674141162898712066549223702567296789458623283, 72607228952528303541436932480931414762330369627453985319022958573703792196584]
[2074861147097319620152087933178961703930523217178998838571707391902090722653, 56927832764221613646079170751516041911176950558912490280367522333133365064798]
[628641499611842115070951406554637490805079874297437185330479183778544117359, 65687468930525760265800980578894593435302001769070215865149320560694832316782]
[22684420711511657798740676109356936250451310176629289974459092745098312595641, 941372660877554877889776923718302192901285549454142755700159322196173469704]
[40536704715558399747445448067072072454945494736741739374261462530470268533455, 16011237241258833681777118681749712562980953784733846016020402770440846859604]
[21375828926940100041630375051237976592027069279855078348943354674068871359210, 73449099154299141504464116503398015047251919238838119365991864448102850598492]
[43525878504382808789727688770517583711321513511901386798689378306432323553973, 26151635877188203036569154020808995691845037846657618120278279473805886260175]
[37054395383275323807212326462699320087781309790855538355836078646624420711593, 47206980226348507294452712352195137728672541297206285697272351061810164054494]
[46095112976791698459255808331137984154634775964399411014023099884687409362780, 1062368178453123996141749410952743954410719510770003422146053951361880909948]
[54129760634065174993760232823737735031165502311478754216759142582906157056081, 16096065135964774720039690949893554785837964648765519172221937115947990739049]
[29172094005622875840585218311509218153592073078717327115942070573717193550972, 10006782213877984610312251292690422294066575662750998573838022450411624523200]
[8300911784896502467375300611477397685095634387574669790336360725312364558019, 25340638727335189314675123532132699182990428347481914443575212709284821970291]
[51488374278538851578270135987958661404382428276526405889809508554199805484149, 47006012566915799173398489877881430208859752606442812138535232175996351761503]
[34943124179873967754432994793183397578011817451888335040786029586706627053288, 27538963285426186164333717610118500066320798015031291347616277521590366609927]
[35395589975646224587461341788537346123972090015035674678270913705586141591689, 39070171485735409073846290174975589095989768418143052878884377832606123697126]
[49088099900404761838363918328958750152032596844327471845566447397117628191964, 45873418069004432013612489991262498884857164020941782867118665357883419142675]
[71848386840899959398573450342016575648924633843134937060543577507371605058924, 51370281266369712910011130482817965571554560912095703704601603043440253002195]
[82270430113869603445196344587272450918689967211926940242630020672609597807592, 27257980788535687525556846907250176074498815524154573827602700785970406081300]
[20984797898778105704162845040637177292208771360836235461984846574323958768521, 65445567095887702614139558656301496587583770232029600567556981028687849157010]
[36837745836294576263045540100206414098020270034888672037249461783081211420479, 80231488345999659104170537901366751746860611257737119848305662079694784346708]
[18924150874535158633133761209402376474345503263615879357584342115172359764859, 10189084663026367520043608496477653671678050005601063709195099988631885342437]
[45122840739064401560823040971435402592286934802131343820969073187212844557648, 64496011289854117047523990314703261237133124075589672863823171655521173833068]
[74726276697919390549067194384381438169878982430740572623912567815711594685824, 5550825427221354433137813711126828581415158423608805053067013827051762695934]
[58061115330946507487723953241111935136937244854684281253336231223237945310420, 8308657476529334188756152481055891839555444494548268637457936891017641774491]
[78614800386865420113944527893089496989532287521291016595675072975235631795015, 79364114031172032371888354638665402470689513037612166998089953685482973564855]
[33702906637222176463280871990398585320985161566875481855343327050491824727427, 3425992897027519647966063055183507399379818877277877932340977085085693356687]
[40754838432457399208250400486696820462360066685132956702819281697018499000792, 27536609750386928798501221337355965706566413179748128773837806146354515171016]
[74526855032122904396638575895942401753347663663946215347677155534754037974122, 44271427092849018150243023389294318008695320281591888081139972313448390427293]
[25387120011872805037318748069725721608168488566377393488569550497994669905198, 20350763202682365440115901019443824641204227682356042699363714083807144595224]
[26141290851871085007723595330694556359841990198961987678323820800173975668180, 26600245424051807908636100939136464459609202312662999087648549298084469085261]
[79913641359235906428938207411743016539998398466549636011119011366248483091560, 21305209508379069707769963967177824036416578648686053888593470276632746955902]
[6053053376594728850194570629058539182273424127891270914072166986483935078266, 72546672545256331343169358198332161304924185947060200914267597106320497796197]
[17750614005106541773405952881609635209714956664003627273478209703988571642996, 46989539884752042527751784482968278865798945128862406096403744676764692772643]
[28794410419108530498748205573244442165249475279895222838982933650001957914085, 17588137234048675986418245616593562013886569852873185014992791348536291747940]
[69827010577203254614427792915107519288086789764708468574937952285915560801139, 9417762694564584146351260470257731925409694778180084669006366939821457676163]
[3944993744379633653199162861689790883384016525961393297866671999202762897294, 58988778836995339547241386056992889918774030466699031858133472962738376793126]
[37267977999187031820993575137354733836111595952139381571481235693491506807291, 77308345952295433979591415658407937202772025037650957216642054376457272402351]
[39450549734129055333736488920862241555660964162297022932152711790548110471358, 5371489989050435807563576465006786192106880280492422434006264393958469877149]
[24169562858513469489789027695194742733957240870882856591118430147759204338142, 33897892690052356030352173597234483496508564597682816566322007760220230624060]
[29292543283937286111606209156850572237928931447389366744485794754433346604503, 74148878023309493168048110671083644727419211064240213942439399863678960580692]
[81312646667717020991597718973098455325823463275514218747871205233449671863563, 56682251545634832702314777927171736091178564558631440150054328107461393034043]
[33065802219872316341082166032659503428834718427307743529921159668319546561597, 34422863562230162694848632650411164539988736685285304941127217780675637341585]
[44427774124801734272465505926598478392153525346174006476744102159518702472434, 21180293600310425909791934041834049645993585393886990835193856779610105340732]
[40251918784343187967773175031553423216877337731102902487081726458442330206860, 55095133649813469985916618364249996118934548677375674885215874039426145012220]
[61776795128916582448400220541835609626955709852659045844644970956094782324899, 13599606292333480630805527848997428550695346173752507098566787246490175788177]
[36367609758049981319192790492978070312816606260478538705012841848572777765568, 41444522470344593676592092562637447622356107877573186870304916692438914432533]
[10137025359225808347590352626480440203894208184800426660548453680112702729202, 3369416416484873175825402864123842340889297454767446189783124580519812748802]
[16877933917798951547565607269374652669964619643426162162929394786557009377608, 67372914516896573824053314355379914749246195904197217381436775931451208375858]
[25783971776527548022330919213003375115368174708609004207180143856554556840786, 24765293003866560600305992639833225614570733776504108421205979347490189629767]
[55466373457986947758087671481753087448223224804851226151765321940749523504256, 65804909420459237488523016311155584740950582854446175207388973368132498656829]
[36698797441080391260429400747182487189773341070886755379780351076751369206699, 63502676720563401799575388484984942688170601105505544470904105147265418364445]
[34904598711688089450949921861514156269730707144903323104841470896051925453355, 35947363816320487075604650834136954819127869208017802619641000923231386837658]
[53476816673613494891749120016909162268338670953145895811503362767037906732872, 45905914730321931203056405686681484092948996651093271591575840884446174869624]
[45336873255979750688887418410664896783311557736875667834536905469340537124416, 31395504673145685800601659426190318713224664335066878577051584460110711171364]
[45643636870446084401628280747657678937485117437905270466941107467444251254018, 73424879986399780886527798936831237074799712134171899957172372239346635967642]
[24054353571546485474780261080886825222692526759648274604800371851586159891966, 22430990467549715680098879579420080743309276958583980430925964630437346462132]
[60614056109506237196496991591157485350434374453106628024051821554214740368809, 34663999970515152759529351461955285813432647408515285756898776258350389288598]
[80440213629153846844109292129746990894607659296965982760412908154389459380842, 9601965255760575719316880087647184877610171395039696028535738233530301513654]
[38810165883732137098145353035414613529764624168907033107577066974571863287827, 45943468111547778814692172453970663887202248403474490587693089730741253549051]
[17710367090675585839466132017395540017746515584511994034713977809287442605805, 20196697627090126879081538792023978232630269266424564258805690523037669106180]
[53091509057975603133229108976152256140562156928597614984443524583533778402177, 54162803577095971994848570422349228441904556473466098681676753959575401894206]
[27093087378834128381843260183446215572297698946789172956197024345903290401158, 31518140107248608486366218661233169860061455892315388346213533421023482856116]
[37725867987233414319785615015668498058840059096860335651921361026077512422807, 44765028948496552663856644531063899347721190274023672413413154369986556200555]
[41706958043459765037747376849182495036448389503855044695018025477243996014861, 7010775480893832988377271860631743587657806688230184049558428708323979963730]
[45095572191990783346161509111789263853099627739408290107790333315505886536272, 79008880566070659206342195854005132326452939366009782826866352666626114793842]
[66772720636316044740944431897241947328568331009251045913248048322249456174939, 3779010183540612340423058902909465410818050997018616797829636468934412720552]
[74288551245161316955172550317682888512247504688701700321752188038738746977306, 954515324412760983738335769910181002901951383645613768293702211538747241673]
[6307858740227649830494297285867341995148913660175353367276110557583504491694, 47386728466361908445257565133407185491179829225000236124226068162304546620918]
[46224154871274244620689222378415281257911404644220237402611618840585241025683, 7582067423091418019231269655277753733020713429514400192874741134126200555795]
[27843646213147908752370393248136488657318504874304904082558144438958496477811, 22619287203296775517904173325739345697414015125296363916908021681065627391120]
[49275942019785457662498520565440730310977990414025719177089609951872027648214, 31535870763188344350067020091618368230247685892833896833337051627360664325047]
[61039222224399115358986932444418579984618527218648809507209134766350031814229, 26244224803642622824037633725307308197007692514860944571641484947820652191671]
[46766595699132130978684481869625229175702447022731959782350643741968114975926, 2211572933476816761204911195641593507417512322085558885395443141996576551951]
[60330633815476629960341619530181602676487462789581852950548567194443261909331, 28883493409843473118173946110359934265229851019895428178461338284242690088133]
[13305100549332600467941427895224279293063416041135156807267983441616074336935, 9445763001878908661525729011462380348572536938447697076266481943508278987412]
[48449365457230330311564579847883213379639947925963558142590822614914886844030, 57530884635288798977673775053020873665877597903981357851623292758518456957702]
[35667236353359249218827578878188511032584921669048202472734933758761747350750, 8098640171614225851627485823016724686791839819439267880076766235329659232925]
[6531945173172371051406624540312709282745264360832441648884328751513013496457, 49036276704873201483723775483160202030748796385231101122662525645224395214469]
[17963069168745027819964891126217181237300866562941813613566850517112948151226, 58452355855018096234037611985433318200654797600048750557938774389152057564001]
[13503940048321999224135010518068243230306339510762351807312744441171265149770, 17441627496012018542370637178770546587346384210595592200656384333796641340267]
[57619899233071325033662388123912353134020762958786857601172144721422631404911, 77485854086749625239390300532109960524366091730044291381122488624594881866671]
[72604440992822132085950983761937190189634690331512678772409316926978526876048, 75516268235036725027658608826654829635542353120635900116071477096446577146585]
[23616948399559551314709946341735866105500140609169545125911047512135000949285, 27465873935404024512352847387930521534670427657732882546373976756017437530176]
[73251680313725743745880028980729659527707889329959757493807924896702568888171, 79922584057047648056249768338326459506609301068440876498500860504054927389869]
[20093086616253918692241125985047279570820186898399295926995832238868980017939, 54124195907734213685887660585109257661220232515346727572388707134642634854756]
[67936689614978981006856311456477805330390381776765869453023664846590603477379, 37795148103989229076948563252168583551464758301093625964623321206691986187871]
[43588392274491166524940468321759337886661242886838546909664701593021341527004, 53809380606153008859671276127218658266822263034611860858913825600445852572649]
[73384331583329502287256962803604689271699474956426851107666946113051039966975, 53831582675705756524447741626316281397940819449940501981908098076168945056222]
[30547763910240411358672319636405374191544337383750951974764595662136198115212, 22793866243984951470600477693530443088325016513440446052225961412611339489732]
[79835146947945439761489159282685389760991604582601598295518471024966372000474, 7921050889586391776606493804144355123438908221353838643232518016473139871523]
[63962689128807771385298362104617779167312468188629740857911948364156766209578, 38907029609435021702845521316905573726793543674410292105055790060674536094922]
[47832045626287437830923995029915679886449756478214379178889140591609530166319, 5771712394626424668967972449974846775167201638986194831323704721556786652405]
[9702644457269584260483073700375442668608366440260037762293967300445300227620, 26588890977395123131302707156267748358943962764868029674457414455982301149627]
[41806583189032362576824097062392672805270069796407593321151245015223859228966, 74529820540798947870695733896186266182160022283211560055379614736730857787888]
[59638822443675372097667148288631483076544414606043706689443375750698168108831, 18639590813873754216840350217755523939490409148721922641246121510615616084388]
[35007754493815080189985308505066996642680344437690516081038396049032809964271, 75164037439002375716732400069421260407028559146482483794549424139098897757537]
[54205880967785631832273530596229322662396057355688390340225809329537546297350, 2989827002471703411720181820084343758065523136925364749349736905839844568921]
[32952689342692835849170042741709659443619246799194450057924501546133252104996, 3787822876952131436052139694165003121470075081611921275674974916023696537691]
[33243763071645210048379950601825070893104638462003373945847149962406423569435, 73459502867244563136818320554769518056803712445783662651607975685447852972524]
[39028804588454588037173826033758559430838232518288280125045855030690494919186, 58330617296481629736144309237453592924398159979334525567787390370860886415411]
[61639503962448583811417580217862609372594354986328609226869036863478001947112, 52856876865399380271011248158831896280787294872069096339782526647311159475100]
[81873108086782015485624887756297535563105943024753288488786599240027187842806, 15174662114043403537550177725746128285069447139233933898360295694234118818197]
[57544961105907028901288152076213587185423153314406899446358078495605959163156, 5811477872794151825524758837202702832394421508948324432309979692984240673981]
[68095438085790594072197751698327592179721201152579488539851612782469669819911, 3429374599282160651198904113914061806285604984923154819872840749445055610586]
[11497505141551318982880876558899885653213597557379792077188484881927691643889, 34112694137960634373390920742527390486606450730495478577443515299699306196304]
[53577223651225950244416973314120226023193181153467510068300481133646459584404, 6705942561465381586611007279179528462466036771884309006251526218554849165952]
[50046295849133347829326859020853523795713117930484105195771912099878479450127, 7957413797856763651621461142983291399272874207396440555847127856058400958420]
[20821835458427582285692650458674787470547968552610253674041723185131855879199, 38608684366463079203575050097859726041750103576672468357361974653070860866068]
[2476625498180522443664918466632301503875077557798873729658394395072329403383, 74627021097196716425152387923509674944018567327941182945024818133350418909313]
[1366312532617255358117191797859155660441212677825218156239207547245623203629, 14999049298285230173704207935198837733721158714434034764659960940095302296463]
[35364849997050887929023142516515320702633164737618536694430458506740646505139, 3648711628588894831196044212183524971457049185128789525254518965917655870829]
[6217312608893604533896896716187308702159557487473113716154224128695917255070, 61739802534093653760396926867322874489492727387259385858063979501336391695129]
[63646804747688110595115244847012911591216399335948823174117592292632319197722, 76864066631754308349235021051844286767338468103609991776377187030203164268683]
[72251256054191621130014472115702835884860024888790696770301176863091003223240, 66860587793546955638567133833018256476731919746156369988275169663004713276323]
[72281009182464326442439446833832961652985654291755610675745433400796612320020, 23917456237861136283283426279256554032174431517188364610835536414794105770255]
[41747624841139297527723921401964733690960820462531232909014538375907394201602, 77278821927529640970917306492135040055130027984456433850133519527030983981779]
[45403925685163767730543001421420457880621760922725696924993584628952516146881, 11393607125318099845344789186831162904465951635567192204728662553001870463195]
[45251051733782573965124577436834559818273347068681550466592412206156797006993, 19941878145680349805882565671980736850870661935446200152335586555781333155738]
[4579712935465042079400006465225215622736816511272522154453546225026695543060, 82132721094910345440432303055704319151699877586802196634493986081770431834637]
[30773579391712041470557089685373558464709776297521301123465158205840800490179, 51859000526595263272751120951967277532819190467284437819800710699640981181254]
[55857279702841930151607921262528840329270786617403390100959436367634091718251, 9137847631829478754832582099564665842119730110148138363898208481800392487850]
[18073982063508154942117724030834747687019943398534951799250098004482247898550, 71100976287103988319245375627870100261937500635426179344281175649958894322520]
[46681561234125021424892395699186635442446881199744650721499302621919269562138, 30196501003058073947555200250709714324191350841053869934249037606779365948413]
[1753207907327109825333471100848386271233573391080974093857243783134330949467, 923851545983553568247580309938891926845250043592094044814150029945761918103]
[6327078159743618635451563502312457540267909009485519386912597122124087045651, 52038637969829792818337093384296378777494252146964777694434730464206703536876]
[22928207710271327474232727461491562748080091408978747291524906302015603134172, 32002617410702425280362091412167475917286196456082333092252484160132783158838]
[40159817871196067864462359609708225904111583118372391413728216778523975753581, 30984379007836935277102169817354922962736595091909739205101396292472002184380]
[10727009681535623830328722236307389471951971542550192288151137109028359875496, 18043238887228989410424880991481462560014831303924499894501149505209655177684]
[38910909181217751656131683115868032621212217072449783421405345758066297006385, 71742519374121190286335534174777371564508893659934657926767427318729822440187]
[27716863902659990823141609894932484723187260589691196114243849856995552390618, 9945670393090055280321819671359272372835264346196106963585924085032557872943]
[61099120350836990047823858860087059596230333872424504976983374494239870338530, 62449323747997694021272217021968871845531371880022688519599649006569540076537]
[57344928679718686676897417725881385136252430976638559323059918953019126243413, 6678781593273604690965137842442049795536388865929015518581322780100878541847]
[81781240158252803537128273848905898848402668394005588271182299158926504634204, 46845757744014054299439006370141890422930190542159453731034323737095477916871]
[29961978162930339649346265337897730246127497080075365077990608970004803132732, 35161930399089432353969191630746056906337716869677912906280807557551249494383]
[5699813638254674369087271552941353571400204633939464063271933846465822276986, 67761009629874007483778480104803985685990579813542221312777686353952024600985]
[7889144772807828092803836051327598875375203189606554451212103968458580542926, 14498872158698541955603278665948065541541707550052383511126234414369826103723]
[40106203001578311998462216339084496484825233317298692006298473941849510739977, 17171156091277633808134841556676789806344865827225028982329014692199892968300]
[70464390420568766330912819174712573652169527599365552059515616543088473638460, 42717887416610634006623192035880084750589434155093820845070688571210118645030]
[31604185573500041054375070720855617734789196833302990520577711136486196745810, 52554822046973439369264153920784050727524816292806987878016791869411845961419]
[79545122956094767459105044219895513814024339748057952560803973200846172243758, 48686805000106964842004287404113994069606758792256701023360496327554572100506]
[52120825678964077299188780643381561462775423506155575267400248231023926796200, 64011893744036234780252694906822952875753600094395764127751684155172350107240]
[24580629365433605292070575681548719489590554622017936511297297179891949982289, 12968883818437450021411566619174976088888938260357735618646350287837525888751]
[49820526447330404842489873530672862255293785049647099519264993426256234766983, 76400785829714167364412939149811279836943632657860156952297855720171414409152]
[55421240015331534908247378219422349295653166406340286857128476922267096258368, 62212468922564916858069869106304262987686081467398030923087030714542631500981]
[73678447701400419512034439948558470297482688665418041075922539230067222114160, 62555731949861749063796267487363135302837785137861508816493786348654807117684]
[27094257047102561941925163656000091501611610181180874163316391525290678768027, 31833954486666688841544009181932580434194900596417494531824325861314745903062]
[36106667916796416106251542394681458675835402836125035803339648359502343456128, 34771978528993815140406798361308988679845869596553174458288591291960308041625]
[22783132018838817332648919113249399881904518591030515055492321415097754873151, 62451677715283690471272513571765145202077330873808686441513569979747823086262]
[20017781646465465973705753942133874102201511657850603628909754716756578232412, 37375677049422448231286210160292951923346530004897884043800077274345315175041]
[42986616637861069683225293680575927018214060230729479538290724128102006476821, 11585175604108409894402636692021407821670811911813624192732625917690577497566]
[47380762123566669204278293866195573131196661905180294068827627452373144882524, 16374464185770516545129685951810135056115342341069552346202501580223242151586]
[60270474487869855335571274782264948517587575381000444635888084835210211621649, 60853270536311712557751910416085368882272689595647750125209625387105636597466]
[43957069323089041391699238796428785835952160383176777766043702309412012440620, 71720782911069517122192971996028908360600176847368444014092010471412508996338]
[[17507914998796686393430567386214801223163180807479595838288602479702898598537, 30779853772557818513045652418283201978913627437482876133584691768718223621671], [3750803567374483082772448468387626571336077704991878935918033727458662705811, 1721613653632877349775048644880350590807434866166869034641056470680636391367], [18298485223251027594848308032160167812011961841211409321310529570607402166155, 76432982519029491362747019030001256013091459691409711101348408336988031102136], [15752569652592394175692390093424740974544143676389645065895487453721730298260, 467367424882694050939557109359363373854547117347636816440585073380302035924], [41392478733568319140234801009569614339402391228602542480802849345244685935283, 36550566386641809126515270024790890619093265853553497947668193070502112623978], [45404144112628017775421471262851651915211120847089467255516636397623721372511, 35002078207302203468456464166116144754260974988544277039258983113598812580955]]
[[76057625714167504672373138374477252748848546990479008575022138306502668010251, 19939379716237754578182816098015995779773119996769645135217518632354544063019], [72824427013357327266970064997826843364131528884234125746152041615995506865879, 32623300807365401434269722558733791278176039448189722860854344647488591967598], [65149365052712597200765099853412535980444634901437415053507554828340357344661, 17153659296104037749315378665613514922203634283333660761831159932996319432013], [70515704355387948022721473373237429712302491118354600885459702520373092855445, 38311168495555781684844782629594142898595666108609425714040164406277132075861], [68189406684403070561041694809345321170117363665839539797910551531012977543069, 44908932230344481421095283872981766463330217209585225318772528035880375401949], [65405346251774866375737741486488951802444571757775974939841606768003383592930, 38455585068595093109372859627086072858250870894781044937622268044305666402100]]
[[37777233219577696765626727750826172307256516621666005476056356712296199645743, 9019621576743463270808171562852394594609185105250748837342578659323719221609], [55185126663613500518138063022962248036845736810126106275681765595312797575393, 19634742189206332201518447273102001026537800055813800453893675424322681052227], [12322036798156555499241865470080725836870395153900934132368089786836716142796, 2674993800549237159374527971068666496048773664209035261339870697604335015449], [71964571192225661688642513205812286444185904565614723770652754048452415295288, 26087149698466585916619723755246567483048740211681977314556067550139774166760], [44017266054727461865404132727842742758152239991190811820220743710927097910341, 49837474024180193366424517006612032039201632904090156205496669523914757429053], [31364781434626719654073777518023324772500409224415018287260524384576823932760, 37382395367862068580769489208158463407722066406242091330321810480048361391519]]
[[64709755138645604220327488011858848611873823789031191933812339484954583488630, 5742939533409757002957098806620386324231164972938573918063737681522815966033], [76721057619510630406098899128769576288634658099656353548247796997704555845016, 1093118483066154330603500737917269180410105745267439868094433340368291864755], [20727455333670109650101104073330834381217019670308607801724254075618977870902, 72840222806789794442399999893190652794273211623028481762011639002922517131354], [42073924718906107756544541623860059517925741698409589207510498655549385559095, 61515297248888134182179762594869253074732280822915662013340481383478965015447], [57041216962712033122849740623149660259081886560311602095162853429895303710434, 49073334660640286506612628601167126416341109876487049022972310456739589741124], [26911027538807323602887114401286924548889554231261839297364822023118613609650, 26890226573667601997617389754856300982591460186272185350690119866863393360284]]
