7837062935927965047499083581269251590675902569190477129307495478756697460761
51847387726134313672801812957671370777576249345973195723624208700078862952547
63280619175140262037367256704380214905862496853145671985716268617831170177930
33922390827197107326533091414384172395913214704420539976038251225515685058942
82206957700966317049602318984810636937770746145770964687626003096975380412106
57661438877010930350120520106066880274106096068946430539335265421116000969700
54725037276270071673487223058649457891007566994766956553191439201056548225083
26026549035980410786282065843240536567210765811143518483133116397155182720128
70550090439667726923740942284781158303853405613596718897146314063174544561627
8515174264844054291371790448062894009028782550474816919192390904990373749758
8330621507798822213443165563717123105534283522713604608501202318970426853775
22822642539702564724298686697567077576624291823194925925087705017760641148842
75552874705946218132999715335306395203398022726333763378296336876563692664544
32414125878531993219658920956596059711476518303874634481183770403401177790897
53728322102110846196926695688666228999620092818500494047382869110060365585567
56187968397077597276577308798696657289552816359991509073771012970550122470361
11747494454811127444744424672445938856484655659702819643565174407555316236962
69825629826527386664792169897058312612742207279120107746121162112725239364496
28623927992089562979990455759628953877965550640112695619299582087254613388974
5427624744851602064378602085611789537789835313230796165877281574350792028091
17659787225206940398335724573587463279482801372086103948425630212252320417362
29965822071092341725319474978919699349791322176362111306824365841808670113120
68632955162829643382344962476664730366204732177885474676996607476508761874067
11620932203359094501903343615105229076626667022949785899419278281194134897849
25855649617913146467969172845423450055417431003433650540201627221871727925055
36658801884141488291586296752972342840464899457633133578564607498948001749815
40781677296989861934642822000686051914508105070709297522770250437954696586400
26346743940357406722482076790900452068095062253941254946141074499201267391078
31231413382969142051348044197309269341401701206876616910036931630162237977517
46462442541528406359661266967494430021792370953206549414464732295903989572709
50589367086660893109890416420293505758055162188110538091380337562164815037157
31458598420752151171558829748306649345462834601569918415366509128238053220431
38701718074823961143601681499889657405545854756685205136502371391470137436162
50703284188537768300506424118028412361326859578489042869725104604194093010017
2046870085976003043708245352689114575393817904226614785960185110297879619772
52737744599210325129969861093353792500685315179911191379198306924280691401
7438399022509178906531106303681542593822902664674024343282173034932874837045
63131038108816137560765602474455152781479888515760366790260592457707141985642
65050141262728258707319023565415840133176364560060078772558804675797209132730
38875835094175915167516541676060296606396258626152031301935254269758455977197
28678778703447107782999631272390378740071571325218322396356220776869493769235
11050656812028132049253009688927555149287679559140840515954282619539203638395
22324985954362080625840243085221199410318906981810730553315538347576519994369
18586270490362960586850117683516209705280599569865849381372559129387505022346
79955797492762757136016270488629757428129425072494339759115388816753328009523
77395099215521693610216847677266733289561656145341145722358102576931592550555
15656754348356974976400621828862902545250423385638019932263044687660445921345
21674958314566221031434733302427368091220726463117986792763540812154380326040
68136117450380224619908197706012371245440903572885016771422373214398613841261
72190995966068256411057800820199784873722495887192080725839912546081696061684
70001941237465033287188623974259395833772108750546859733824107148868733903038
51243316888057618885822329608479718357767081491780546207024720907891404237748
44370736538904642117500052201034016198885404717212898509332884963323242109435
59547724736587730493130362517168415841859518428862828193437094195746866778195
53796927661655782597524247811413234313858934308077688783734908150050755695248
26687196040748985830082163405454147290386492802125285842352360610982781503025
31205460242307532058316192311291046071863062892060519694517848211022280320668
78688936737930941732361616789302398517542305675561979184214723579419809703548
36990507612547280236075458511301321802064263212455120200104412238206470448655
52380200384230672025596653312841373872132999823048605810844922156793699841469
66959573420529891874577358673503911253993754210149185896792354037437193775216
11633477344985631202139595479080996437214199467033946485081938020292660935653
34513711972155946438215687283931719172116863480231227965293324279901710013696
51740475182703504283573000927487232829253927640262579792158556194268030723765
28345158512257008360660708401499604410095661451733759533432720460580163035659
64438133561920660696622089141067207991232381270545090127572087219502637117953
1146159991186967593394117548759978732979175423116796080786385041812124034315
69558789318387032709812552186630008797329620126397198088498506815885879107874
15694491635547625475928480344961938976423669075089375423581780725389699660390
26680144872419966092994966095101932972979596019288612358683084202981991584934
1455270854527186238878752272475274081059001513983654709432846715150981200727
59481168986954769511114275708711748267424087903232194730013433023355384114984
61401058238852847250628749625897968996040430792257631482140643061089069479906
70673059668162858574674887800752454594154275103316609673615677351623615236285
50061590043769477058168631316745301627745555062263832227123513031009227605823
72003979105281070241978827486518341790325945257927808080126538878372105824863
6507828166009992310828856332502355132731651121915217400109180870178244164878
22457294466312413552920639331361373018409612094266831459928726237575364018432
647316348353018662463297852284653163509849041372986676788966232935327979424
21875805444496023480036826976916618966754586979892161074996272500506332264050
59840678722567757400364042121021109107517115934889230522770038963788772556677
67428751099755840820275829258604952374467137955808643328996684438434731673501
39412456861856058123188008321633091301243699713669222891401345923813973692299
21370807101372668092422782816364228483189446496728904460657397985161184569740
33190067718590922738097422675957111649474284713003943825805782928662709944307
24269377301683083186801930672735569494899151910035110503710414984912145756242
65692656140919320007338374747920755258947041405080626514497963092072353811180
70728305995218519780289022939498432801404607492153894180282588296257904192054
46215259677038415804465188186390864193750628715743982424382099795327380423331
53547850741785886056826061577978948968256377506182851082000304691303823175705
45691421818803659558498964821037120264988036981162247426437064875080870631618
49584453288328435580365945236974584011060134237687328677791878784992186401274
71111557187076085071820101180914842091374374884553486437866529358662278373295
46354171757700608138179622391880519070998697374342672145360646521521632217042
62307291249274863512543503636196012896760709827378456240602945470308248017153
51423775354496989429332628972466300410509742100164843148910738487708567406494
24501731388240383691124332475489409656565458765320998943334802056911419272246
55422302371654059836026811635917285620205887705245287159117689661306739741654
48994276977232161471679523485421985814384733903467548153749078410048453595843
9921357772439217051130308857394903769138131385348703092272610899283330348168
30811468599548102575586431801323061335743705038147854287374092813460365786172
54267384740664330009929194349314524532636290402945604565083395286112815992900
3047699746969192805752028271580725033337685777733338804730616558665113718457
24294118797539423647607468479930632486926817119435569397497552841048719406400
76408187443087208681409205284631353078715538976355703457394546670383477055421
30881826352652253873925817717896961898899652403631478465879966661183462247560
25368523061769733393556972498395837402892492583942180903059020981279290146761
39127407901062004106869728716420448443241617772698333402481743246783413679492
4651407917624393087521552288188332696888512825036347882453029581168136680344
40642303517805834824332586785273690263509986934837539553981907197168950244341
67861430940503134944208871426838004105071447219947077258495201562737288557733
36768393723929433956585487494466187599505091001682720286438124420614584807748
20672972310896140500938304724317168927900042832747696809342444568412908761192
10617269491752916030088974851739948070673750238167801613620126931017721464312
47783060497502899414814191398091224247564896870613124220223538628768817122294
80118321051772670233054949079394125092667548256871231307522732731173455881171
60304898006747640950402884470240362111236262640578264453003606984761214364393
40177992709457844581668065011832491083882354323323572852808065958839275732088
63671370603764498963997414137976876165183266270265163936739705966771181282995
45665414415250123338110139323286461085415432220483378594343325723792510878935
16092067523254636107467646030455472139586571822429579871361218936691866373655
22563997551624584556501733477927612759472115181839309049799518103138804265424
59712199687196148765426687811155401416686425749310369829741376459791269819520
16249709426456206931123771025068725787808334814864856389234594882675996079594
58538198380011954898879397700640023216631299385602912162479301801729714291545
26572809205590925756792858105333179447008953874427978247098990326413237424443
67923352211743315569534569392070949080058631908299034403133413701244167581760
63905349465574409870467159399511641578215068584768265937866408609962573553572
29163677834336809037652854219161276432864507219560689987355040501836303497557
61895856530128436601953905208537672106679241165284285150166192691700108925195
23573000428775474043127172540186412972138481926934897459363227513642834595812
23563352727583615441301144145945089007797014810297278340939168385311774847942
24687464346363947137088531674008915777073787595359861694461290705709248862032
35209294461247276743386933364418266849033781001639296837049147639545355130212
40944413577088574115886866889517967374098775290991047881908842497875617378081
75708304284793496030928820825640384407649094668789247417422697204257791783476
35334634440061953293949073006029905325719733855547925064821672130235233894565
48852556509389738068590022792888225584778727065107810699628125803489439714620
69030084660765512814809132646510815633060791271553416795314337940872937856846
17746912840538740387787675967385252453336402816408341194736309416173995459558
57789956116374544658708695229519786768344916611671639336515053332898970920816
79555070600869839264180831011676158342535952146180350043002857869688470431948
61267638152332036654608254027486605578184885743292817177763636215376814899241
43332777354847832447634813388221875870463039158443346095617411782929735801215
56733286918251461009300317005821048743616102486841159493441002629291834990616
10612260295231284952549416390027292558522942806634561326079908496306991137645
51989028052081515146855693108689342156259667113065009662515218585694057618471
43537396856896803370978352105451441849464910606157859995295072528396064320749
66044784512629078135641584639500885914804117124469547461558811277588135827751
21744257072192135168340412187407924809585664848037138594726304918256363279392
17373060544883876060866479160574793305478322752713443043699808136492491676297
59036685411464516474551087450006164502601109842096452869968886968597535940213
13161875408998471779289666712134969836473270217696563455596373416761904182898
44946140162423875706947937228998079986169163536047796015323237419673275932107
66564825071261650249976114004724394803877765453936210116254284316979255406780
3018186033317909111494853687663851556137631802991943145051339902418445987254
52249698353146959172086373348188436136602234764558858440382602495278549183329
77511254055234432089015370808575674659331108583642486890370933079518628118837
1548314920915928668928800983695314901722409902128699759976679270611937625403
74891327667279779110897855315334929728290863095563232245105909901676340672341
49745450737087852314988772556343430985759290287542662985367202937450372148895
45033031060577733357664639238069277102850137672759871276736303857871031489411
39215903575878375633578025226056238525464658688801069393645159688551090853470
40799344614754531107251982271940604881902102040919956665203686546310897669128
77443034332182505450761637535315927444350952181913907603112462426309495951686
81837757414223172210647045103873157135744747873881028478576391975042678742148
9396647563134171307404823666712590155919385056289922419009454713046112914956
48672897004683275458987420403814951610036303242207185487428051609844010649733
9984014897507016151475316155599593417023202357081423235507512616410399376012
37077106854458917731989407341698387463668735974836704649949864261024734808812
15890116620140861979293371132608618174433615462290565384542557983815528073317
78543632837442680462584511294995606130096515838852061375772249812774546656158
37563651971074799254784287002702439991201610932652406018141658558741748991700
51312351425642200260439249224551615737902216365666454273174482906249039119299
26633072024915948243277706834840110591763902747886350773223774044630552856607
54420185307105639679289340370200201331231235461695983556144612013637874035733
52659926017716047727243518078213796091243990004828118833891930968971960050461
77217892292886109487903966839731005617402605335564093599857195526477992234472
69327670103179166321632587383596172671238862062607968476441697863457077836689
69634452263526439368539533742276380526455021317820567724970219716241518125065
43776144636105889607295807528262018109149828210987161602380401182075767422984
56218075146089089766252759669252513142584380132349746686218120273288891245463
28329503370866517881260006947269235217928586370426249542097719676068409271482
47162533534939681725172344786510539221803152114298389722223536815328305364065
47137093216228977075174638849899028960603873855523020372951600890157976205606
34750580857766871327291856584037306012019119823785233427745336749120047419891
8010499838118785658845838746416768696098433948044630844187192143852103386617
75387000136051227813839655086880273442676859337143784535387753105193360490105
63324312407712763718871293693775870035248190054301573452295723790983950798750
81863299560735310833308722217918292117059112147676775367426909464443862788562
49277998275428395362515683051038172815356260735817837360773820157942285776387
4185738165971051160452933713197444303587038224058226494008838153741607489043
30412825326610417961435618010678931858297779498130332299936275159448507783163
56466255645588373623640964851627484841605803981722824074435759958175147803268
72503705783715142139862864573434122096962216523139743801249908310370230189051
81987751625678509259469771189816729463763754686844710193587204458566167272659
46309987797214254522650942063049591448152218742069884924967063309493124300545
55067256874780570010451103015577339183373132909980889430973380511988626108474
12773778049395493237018936939549031610992116691433471374234324106327919936007
65188448240410361018535763305866294365813925321402282833272958440014513657594
11342769044650937946961390908878422252959661069491381050919786112247129110914
41559948860934457774879394135869696201710127666507067149070338178068924238216
6925553964502335306185740304428240223558643667481062969474788357478463544011
74621178893818988530098205674098254260977336959245823311043241634654206753151
43000412018193012754866394763123936578083613618206895402503572959963982919447
60788384667142069819282808792570294409766674819172519375624989942288199909715
38840430297492420944214843589286706568830467513283318467974126194222827013536
5245002036077532639772875613084015580729326955223181155775271650840914173134
34962435109539854420036845132595655700523488513281670746848201417660037810637
48208065969865540232037517972523688705201029551036003357610355234565890999667
74294468628639059443573403234643190023559122320041892911524052242213820702326
11512717120284868107422610764842602171403590002545572418939941954397010391277
35748617760076075937574867164863895619507964208783240259411183756975062134986
66058409271094124297669408020436272172633909457759166361193756070575541453072
55024254547312910808538587833104550168835420538922861788181177007438422582122
45650522805908018603266372516963250719173156866522657139176553407558206267632
67825025410941588698094314041720993099793896967323324288125073594781168895743
23614186424225546739050876350557398051215445119833237202095777925894550781679
31284723737710898072996364104085958666091442840321453838279518744287891187377
78240736732231192169180307067440420114134525837557319776831200437744964759670
61943574714625541960093181718328555442267199321283119223552376164321163585504
48536762292231566331554523628369854364849197828275672881189339397224971419296
6335237894123959252629004211530050431032957603390866124854217430037934493437
31254485513610679522930282664759719626262568556834551416994280644049429497622
60551331180290393358067287435897342508286839755774530882351486841027154710485
70723709801754467264472722188908363431668529007185550652389709946001856267217
41471554417440168318388091537588075011720912758920150562500019299074197913042
47108895625449871453302588807575785741364575511710669945831027566569337102453
19050366952187879447157375794862867824786816102158127272299642861736226692332
36197652847394078643574707121111029931054676929502830165108189956182064701333
24174546023756601407661038120250975101967539014837531590890334298881469679367
38606321955356229642203555138509644854290595206703863770053414301062600313911
22489461971299718337094431052009063570077916733260218365059915599062669438685
53142364883816209644480919749586616425555514610180028733557569592300661877401
62414886509211285785915861945224306434672805793704833213757854478373084002538
46694715549367132325826897557738614910683961684084661489100058837254712271880
75636948529031268147666886928459492414487446992033067401245420080745949737190
51163110754980898757972026062358348084325000351702984044291938810359006704928
12176829338414966314953443575436408596191304405407138689214350953684713145103
25905145965260758731313422568505073794154197439830187188263039049065607984606
13065718933255568063738318268979418401523025436706763502053655064916229042997
50302990406588942370367750025928596646097285185869466358217924018485677831110
73866935578854007266571347988827874826749334980718347212601239478937674326027
30368443080684918714298454416432111677303411718710434756077892789740340081686
45162650500350249146932010152972641288433989657530507724935989994366773197337
10777534413082685556886447703411227350206744215730762990151947216745117714642
37842941237057657787231410790008903494894685460801920462227918435873388613009
56504414764050838602541369591681872933117402427179950734289346297141708976016
26921445514277481981040002989690747611036254772046961042855391527175399675579
54276337938272685545815474629900881200217131599554718300429466938072095119455
47085153277078042318629104858768686651206062045400005478061234159494949700085
25090534259938552957358816525594180912988164747843551964015244297439812950283
65715022341708524882577134536300874887470681273919633813043868939257469957327
61611029329331639008073757181235701998547252734519007841905628378166346147641
6796215016360351902394231680665239921579096776961904266363055894970906412809
54504246623504003471154807684178523575472265934792374064313079854297021317059
16471732197035194140128562969722050467011879322895787632897126445149321520534
67434736891044293947110818856110933631023508976624409015895452471779125583549
9870532837148147644054298161396970406731173295835034503111191518256262785693
31654585521775729648320027210149037113942573574899756304217039631931314674638
61127355186574050094330518968757828062820750420655491206554634837848407198933
9655423711552831997638749010786309609306044735251819537801491988354469578355
49057540869440778041534945243192664454328675467253965728255250581603024005221
43518891059561543648319994386836127267598257121535120215853842339136885320455
35755883979484346202170203212437152424688416430335366235646460641674234246955
21804372356669258492545269451778013121476518252860592621172854086475382988592
29755012164033247008792004658853733866325135561644017258130877995176633881062
6501442594106869052380284457121429273996750190557933520485255439198179691343
30268993526745992705523956052729108772977886489054295077024547591901024326697
61746814616639593380943894583682638093456385317930210808672782286044047267788
13721878909000887505561209833275896261420660610361450264193945655944893029590
47998912287236282380045797360320989436417490796516593148396772258181782994709
72616002971897714683069826775801706389551481899674154569016871102097615357339
72630421194691571964422455359014524966261359163595010937063937505301970544431
39286538098848984499772878700846792081089393742550795538738629985857958462362
52801910882954015470577440418739931784224881436449424036460859708377483089288
33172782789879864489041845742040574688406094890881095676713891395126616168597
25548842924561555492842908091673716162352989520235246624826735159526449669501
31795405964083633401172644355406265832230305341730641790984454058171354910430
6698455975927899467927980570844890193871026660301945184401785184608651212301
77226699546683922802629051152754723807307688239875020465724221063142286142720
40988433131155168398408162929604104439121990405114506731130544801608322105175
7109080672868649708047916461899352046331348776047099321135590048637201297881
72126021374796515043477397017771529245153701471264465798009837722942092068704
79107039502190615066410549223193134892342351739133172315700213364052730742419
7584454922670733554823449826610872133845831981247245449299975784673488798893
33856595929994232138626566456928462591577227960057640044422205400420893617084
6452005895278064243653012963719973700367182532288007152033937922846147653020
34228469608135028403749635907516878544323969627979574868399688009217920525102
39879775126037835867859356336528185661328692100830216630529976619744559343065
52624917742940306549053936633744657117467087000649095275625832647789547962951
76499918372978548183389278081050150234456120088459269786410241667737275084562
80786197356536601889708974350180724385772885466020868368420056248958145752821
73759600155287876420392251321158817257452084912090744325212430462158462862233
32218311981026590923820157886763971438239802433916746797253329790898540402256
17680440612967053114934723917628400009956482720548627204114769940675565462122
18513321254664099783050705929652914330818832528354958563262269415118162969368
69423849000719902720056022370052136404327841448613107871590382020086310888582
16082905167223933698688122698347693889964534930286576571399513718993539751571
9220688183413002825548810838364801095688284410604983821083086153207118760834
63136356787903351734933230340752280956353195685087242146138203278713840307390
65585660631641952176639627342574639354322559155134515513426643416889610863177
25987047240678495307748818795277302854881376156381209078230466323132162844325
11673612359701171288517649734508205018265666921157061508736938599472200434063
74640168243042211581055182340863842421220174888441089594373904996688819908853
76687111343375526091747759801883709439170108543016905069075517142139508941411
45284010095460137063299291594891954811432465056575756117433959655239401715128
56653904683108631989245622089550589291107789611444594925147844282156278601716
54373095231016180521563446747318949556454804487944708430940606275938973434712
64384754850835907342561309320854400160945865954141333626094648974965128419729
38576652014964125752079978563741261953353898469306647384308177605883178757310
77791991136595743565263046091300052591199586971470536614574366278001744023622
72602744633092499365922000927981720746886079160117780833196490625312034640533
77463280983534238967167053057626474347074427715922977309799504617646793612293
60332933718414758019285088511558503674054206224203115273821854673772460473520
2374881319820595323055157779847435879394661716035402694294453682752329975241
40800462984198336398287852190737310671532960438350609656196830740771328874675
39963108536732425423491107329842719900878237848295062166988158512187392881474
1441961867975044698059639968406094654580737346463501055045951390521350256367
31029690825562038242049970958106956264409420724921280423848571919976912824539
70350550295916653859144505606958403465734508095193313495327707478800364916782
43461707397051740330628070385760529176826524247416950534984375630328919223579
17712863184997299859743899724485919851426267109971779522286312799136753779453
80856566030350339140238004343233917387884209171189062521312856234136941163706
81197969572283889678749311876479185253849820898416696017834305475277730237992
25836208334068876664897031134827364294558435269615837404888288639667683009311
78501749471445937528788185857001395015557475953450213730446044737332414858397
57466455985395274684102624526772742005458439482519500218760624560055114271857
68719419783235468855823809933774029656692201228553659983201054691192948592971
53920257965874051789698250438083775838961691409047389186564150049262702303847
46029758170250741210127390034522975787306279355331934359615786719967629968378
4732632322954390338460202289161981718949052616765018180698567442979151157359
25213287973753422350197784071478153372178073618609918817810535195399873292055
8502693206565510611889423084992507303758853217128286199506986353180162518121
24859646863395505032130151640264872542829731631327275780789261203914064120363
66776014563715186468047998407418794458083750722629499220906733221365762926614
47622791246728528742995686545844070504498612400826254477578334812184749295115
33652039520843081043884505039160330400573583574601613101060617699406904879854
51309480447810035969977639800976371438332311237465115439775855538078919219124
19725017224695511583421083310783289812330775950501116840539877082515526659436
72715839426544186782208354518737545698586592584807161990580757087398143873648
74719661362475673541845083378626455203065751311964885234499507006185859873405
6096174163797360358330853957316569967550641113832163049573252880991298613189
1499728672861811380873385374387300912921471529743486200075282989223501350600
33626652325541392083544522090642114455858952137038380000927527860451280897490
22995527034392262549712012221000911537813699184666530900887706954968577473272
24609553501372253711996431546415553105177046670527891127507682459123095421412
22129528396898653212483933162230497195866494903085748424935281334084316862233
66970957128308072041008459871004198909814984981217284979331154367110168923453
24311615565233803542240845571747324431663229839682580127548095860448659357649
45004564591419790670742245520114279768941367337758263068483052434741231937840
3503162667810273615127780609100118756911535586290535129264424051711500257043
39443403872061173394716973259486279230421708129241659184624854695665681660800
42671754202652202098208266095246728797989025271225412521316971125287176376689
66256901698615895386407996929491982882349232479027988395656115519489152150953
46686486061353269382834136983131509999251306005683457606991859792512917019457
49512900907665437909126787174696302386045770879473901092142072871971466376069
66503977621449596986420454799086654587340750834296621349263971848097448974868
51577397794912065094989185173988595837210173847701967989258264169245493722332
25194086840530540963079105717276660381776902454335681490250881527503733711252
63110177431007089103357246083513983888555797395171946728157698892139110014357
41989732077837166649795169545485954829108525234496743593809389610224711504730
19615219290343294492902721514812866819770064550628350283992548108166075468268
64270088185457818537490997339296033104070323649818550208646764020077397571366
56218597462576249080434807361166275867692934749183026940515354681915887037541
7590195471983293063136289728303460693445112270708735372916181459343851882374
44195808232973438266447915794839558761902841408459045638835610436826943825215
29415805085970994364639305370065021205951959844430840401310470434107235284234
47514766175305832582712434912353732274748404991294277495446373576665797722903
36213819924081232627632858248103337483150016927675592492189236237693909356365
34772087307521790673912006444080424792107619686783087765294034324144900309798
11369655275570907812580787420470130049534754657261868670933996603670781826635
13208890361573940665812644910342603674019484912113308615957819390276451616230
23143402938564077544302977213685861553421484900974925931270332361707712546647
76314309258684891401330664690935518296347715549203811983298085876788930437120
60300926568636721278878817891708336577793015055741240845887465172377427516226
41257170093298192398560634865925397772513543880006153818642406900853861297257
28229129629337609064130171749457519481239385402330938339637138306405642584802
41960445554368654313765422744666643473165101433510475746826969377221532831765
42969775415489976969428811009502859500176096818258871675040286207195734104641
53549055893631903038780837184693569643604182122600935023176840648120395963162
12026740646192094640167888871791409693155573303635937641462844401182378466702
59925320474291736665518195615655733574296111617519716322469256417420541141530
82289978774374865818842446265529809721787097908512283374029213175010185052253
54566020386601493983740148081861588608934084916202329372029186721073396183753
24872251141238260841418940735576626662399855388371668977451116374304570003372
16740868149329726454687075039482692928067630247002336728194571705058785506105
71748307258959929406150865317094344581290857242459050354100585840595746366381
8789060150207155449292659958234601794499255580969648159582397973472885514882
1909053734346617740087764789800591700755596532005784911284460842533978956898
9460397674733131541757212227635234536364843451398428426252520828036950595612
70414259856558232660785247185615689182165967657011148390035988640551918151595
60127392739685570567433193807724454343691181517884218587827550698321451981441
44085113507528140920790112802472078011794658333634514265688357381828406353068
54452325301487838491994744623643126497476325263217335663176112697666971546056
67234568510068113986937688823555974905065261049157422053492794309939839118984
81811573774156828103718191627076602908516826406643583665680841448132408467919
80823232694767306803499925331061477426997546353572983111904290537101690911705
13891242650383912527877188176725931882337860863709112122779248592567176708493
33668843538293555934707365972051491801085132535221918764968858192160662735282
37653856448288901653200262747241090212833873717367034089874046518207878355277
12455796271907647477493261861728523282140027512438599758373735526166725011681
57749940967117992833902841436667015223442627580261299563185939712300537409407
5639383011020391603790116690459217203109400755192812547973144238495419721814
52879588639847839748441274917809420622904784043608692394400758587918885670800
51557211253991934164830992857369005574405941039418383454908237221851892776245
19628938746438511758570206382863359124241495166293347031968567888231536339530
74527098794430434649414115369486471111402046331215104366971838973646003171441
62645821446062453230804211356952154953542276724184292533534656790832951371674
37286275001956121608024922165446290107445042627233859702997361852959029042918
4881212287727187463372699730852619537911247337982076407713981457622051132915
26262044407417759564856952256065174656467734080457250128933161357868684643205
2899197458245727466550261767816527683017323022661162950681151440664657392687
65455498592948015446507550895218550239882963291313163748811718730911072213682
2225864117931676779377763302595652680213183960246767831514056043088875776864
16788370965154817080037071959144039447582502259509358583366364962386443238783
23426984046216800000519101961726669481479290433143488494023757874944462371201
47022710541944541202301867241897411982630231557374048058442461205226136897385
7225425305060832036552757398321151775806003654693730055403265764291256646675
55280576018868764709732894092419300321389114022635482990179175887645013320800
42579592379501406058663575635792316612258946381328076139996207906648138006999
22651262511623044696325768639586961033725413921620381280689035700887467798677
54601915821551494666717276193908437844354651900295550154168767073359477276596
76734636679256468542911893237034598218769437029626178594772820650435452217389
71367740439901361071470460314208136576925985346635231037452678380670101697545
8329231067798856812212419329573139023848087457105942637072617826011674163381
23099769564478086522888026707156376585431667951756589848067115852058864455026
9484980417522537236224214976211096970159970885689107439818215321558853432955
58110269223263338657419521759922992257738384567581455701608021713194128480926
71851504815823631477552990910131659287766013022343019904307334409679959776828
77659715730792867473944663159493233765389530998494057492581447041651639880979
43283579306577091870747776955064221449224839559139333811770166306007799431228
81753690194392396060940534062490160696411077258680099709017411726408631152335
14802127767963803982121818967065472150189944749323100549962048443649200030843
60441786026034846091446589217892118280576673982045844432311879170019525279274
55336180465574718292420652018664017956280267518592098017419172441230468685314
32715671812631076625214675581159404751175116701521892165168135030432655696712
78398479447971406752259449433571877465047942039877871204897698129400571576393
72328706748183041868466337005429523238912837429615374168158524683014924784071
47863611242328896721761717559415498174682208487056833621618093378196291881222
61750544069247757235160801880835538473644145737505819146860724304562305003427
68427543164447772135913089971595637426935159470247918296347953938483513450583
5314279776282708601334068363425292172771272406231703181692047769027663031133
7519152239820390591506620183085406041479146521468680863791269825081684085710
58971558003429561527305744871905452961883573084694186358342348525187056714358
347682943771310732048827738005975867122029302862680062036932714185288457444
21156317603690869662769751131283224615626918070045916862026460310748033624207
43848618151080787977937290945127864614476833061467483538334536944442349352361
478506504660531587648722102756536778031722836389889594731291967083476491665
16102019716739989806905130185186414195838949232473760453446611442829995366588
32953186824080818344597294743022072110965409864609318000305030706805436984568
6749080742735503566120650214710951086275409343823182664578155297958072291039
49977723672209934492299480909957031669043724096426896182720058435018153932001
17446490208758577570386098103693900260693311075631696438077505841326971389288
22998085595847856051159345865624367475149901558830842527892999369069591280738
22517150098237194967362224403029284778735822701750952023483191320350257504189
59203385688010645265718388581462724017240929511386266293353114223479615289812
24069590491621890169660273020615706318343680583896043138379017823968299340896
3276920775652863756356868282554852288406600838476159705481746690388527902598
41895368605965374388508680182124575224321376075465437563309857794782885554468
78988510917682445744329646173948692698185616870927799168179664609442574038467
31683198523075694296095585035932080141054650687095795204630393785790061829810
75125032085162322675948034706449897537851674297310353304428330392872327990611
24433102583611807319846445329242212635713045050189324421716464570127139529565
34267019125774645084224376357522793928254862225241674730642146193824009718950
17798794279110312722707932034677364167598062336335412703271154500750132462749
25824248666806973520340465881234952059048323256786805527648916364982771329971
43048521748314265360744534531492226204151392316743359256909565088239170830719
61921761414270701278724587499490259166493459472425855773227762889554654780084
52661788275493055115971231354154247167086438849663364455418002890331935846157
62030312388385390345054147364254554538439628820686077090703389277931773335053
25243954573458193384572992838645116339662797152382081623691960762258711766341
34948641332898900587638158806636478279861989180460326553592543261184798613476
5545906329478688191020539601262476154356714439483013296413724510059898304512
75928037574057588627017572703860169828798800182703778932219308725029748522541
43589501200178693600395038367307880582144528234585187241873729446392755749317
71570806922164424916078712028426289716908250270069122138629002693353752056002
36478851587592105658642861231896619474893004500754273407814716966091072046193
10638716624719372543121905217741693742587550520611763032175770897758737230592
71968036211099847457810703694275917761574620943950223511404878002420366367610
22210928009717043240124132758388371530799681822607733438385356608430348093022
4070327979352624080264071107003690783654436502540144596008152577946303519535
36562288423862662162652187735518970362362717720927455146706925859514711675587
12306906884142719182441691586738309514394840758412291631902150754778275470265
2886618326775221996843331187794991811287553121794148501301346271973143829142
61419851420589762317184760539286853633014846834933324159464183694643118564328
73827077546295120504031739340904962847571053503165674135874505851966378417313
74793269986073066299719997335846563125795533316615723794668665904659085968552
6882685303559988782601462885885845811491792862183027187352608087979508092874
78158029502653341412972280505317737265670631196025850056590951042301815559488
4645428400840986154975611880137802593425699477317488127435262439259463608479
