[[19756158082076995214358781954565474091685207148712089907708184697334090434566, 14224897660560191822474834478424337349437863673906825922173014549684423405474], [35725055424591547743119247188472300385592490363892036355682755548692834781239, 29260797552873970832326255610201679467960126744346816751159937275573729504662]]
[[65649718645283227052466275829069421664900116987255495465677470592268052118641, 11354747421098446969124545466397880967597539206300783570926640954784272885456], [51960293681339640026102209160642407010188130681518849989048150093534474845917, 71204458292592039958141822021854234163151945340948269075782084280631366964927]]
[[56622345744166828950931322690807619183580861397883791581055087505901846819022, 74452621367527723504740027982494823780132925141824871613595692299919586143883], [17343208151422436386407046557268833298697914472974277531031753462772858210538, 53574710847259867862287739612705548942441464429645465390365780820003907870425]]
[[79561179563153889388261380932135401272821766092513807816169579563620898656039, 52758790980741464326251183349523096629689729578534251268977702198081398934003], [48571767449170133210576778247835562905658930619540138908780997850319823350667, 1819749981487656707504985203138349714511953660604235563410555373229331811769]]
[[47449747139424710701077131676359502755762884611988353150539227433230677441370, 13717233487154036953712073905979232393093232161688788927317773569818274536847], [4795068418542477744104992504288887966577448739447652630732926595160151074183, 4025302487555675188705520335925164951480656217226086105083756465148204392860]]
[[77141227561773323353493760612937956026727847903695247676324497437201966414632, 69197837035575280940228799447564890512921924158330066641027287559674571873417], [26520538524621043126340173921786017719845136761670533256368123370121448990542, 61099695622664764295484492144223846122236430327464413508576004021151917707842]]
[[16208064480186450758655016476871113054441400056245045316074369936325810858022, 39817934928892815429974955621667214497284969270332601960149004492116510739460], [30844920670703021522473995271024302960897630035623283432023188378801536154758, 74017259745816109194241296627243743004503524953702102472014119432852454663712]]
[[50155610523567284217986746710132912930692480301519516829726163581788024570673, 13618919667362114442167211708250662469521484097462464140798132894253058917352], [28729862683461679207174684096533030648153648058397720210274881539959814163160, 43003482867920571053111316034873087620752472880792893218204679580633736134698]]
[[21399422973493363578148612269245150287577862229946847539835385644341096738203, 12070615884418074329301661177851766364234651732849910239530237490441252940822], [22464053223764180746714448620904152288731502206792300287147409685469466092126, 34044532921701330064249483949453222002756980223792829187717253194368949551141]]
[[52708202252479550074053868744687564367078320001854366841698065973188116969637, 14835343587858822213898270457969722181736010289206602170766590267883566152099], [57425498202665920180422360959810335804321369534583703804491403034775352782619, 60883624597962128945265999243082587916092803912300460564975453023062096875820]]
[[24480033154222555713745611315388365592979227633219123364796773505453056717226, 61017802743251543622629930078692050372941121052324849025294038170986498835363], [8760542433243523903900295265911238709196758651312656802240092069472020082962, 25242963531629943459798600325594910997183399794664392202514880621866825149887]]
[[18724670936398175727477815904808658486346359696448425528825008994763900114759, 12400631455823263433346667151938414773771335986027482014326961684457659024491], [33114283194937545719553008807811064253977421985931705743928615302030839776997, 3138765471444828314931497741599575254053259227605349015953847120446202046741]]
[[49656593570596823663213803790761007866055608078326269514654669181295696823669, 41141810767621284371325072771422755618289187733426239253190800747854432330107], [62395586941776543632608723704182044368364796027888665227668625776841580301537, 1606229786648005491709571342118313527641439920884673181525064082275192194372]]
[[111746772886366496167924643671475922241531442395225892001147070062662430287, 27845749332760047610222430022950264146063893685633595614661487101690498398156], [42857684110642639356767146404684516590010924135862936389529827306313557961428, 33337517363671138149710902600409192958751485431008219773464138918809947725152]]
